1
1
5485
5485
1
1
1
5485
1
5485
5485
8223
5485
8223
5485
5485
1062
5485
5485
1
1062
4626
1062
1062
1062
4756
5485
1
4934
1062
8223
4756
8893
8893
4756
8893
5485
4182
4934
4934
8893
4626
4756
8223
4756
5485
4934
4756
8893
1062
4626
5485
4756
1062
1062
8223
8893
4182
4626
4756
4756
5485
4934
2026
2026
1062
4934
4182
1062
2172
1062
4934
8223
4756
4151
5485
5485
1
4626
1
1062
4626
6652
5485
4151
3463
1062
4626
4756
4182
4934
6652
1062
3463
8893
4182
1
4182
6652
5485
5485
5130
4626
4934
1
5485
6248
2172
8893
8893
6248
2172
3463
2172
4182
8893
8893
4182
4151
8223
5130
8893
4756
1
6652
4151
9564
4182
4151
5485
5130
5130
2172
6248
6652
2172
5485
2172
4934
8893
8223
4934
6652
1
6652
8223
8893
5485
3463
921
4151
2083
8893
4756
4151
8893
5882
5882
3463
1062
4182
2026
9564
9564
5130
5130
4626
5130
7603
6248
8223
921
2172
5130
33
2026
4151
8223
6652
1062
921
7706
921
7706
1
1062
4182
7314
8893
2083
7314
7603
7706
5130
6248
6248
5996
33
6652
8223
921
33
7603
9035
6248
7314
4182
3176
7706
7314
4934
2083
5882
8893
8972
33
3463
2026
921
9564
8893
5485
921
9564
8223
33
4756
1
8893
2172
6652
2172
3463
8223
9035
5996
4626
5485
7706
1265
921
2172
2172
6652
5485
33
4934
2083
4756
3176
2155
2026
2172
2083
2155
6652
5485
5996
8273
1
4653
8893
8893
9564
3463
182
5882
8068
4182
33
4151
7603
1265
9035
9701
8273
4653
8223
5130
5130
5882
4626
4626
8893
3463
1062
4653
33
1
1997
461
6248
6652
2026
33
9720
9720
4626
9564
6248
9701
2955
6248
9035
7377
7772
1062
3458
4182
461
3463
3458
921
4756
461
4934
8273
4182
2083
1062
2172
461
7314
182
9720
461
2172
3176
921
5882
9720
2026
1647
1997
7706
7706
1
9720
921
1
5996
4182
2083
5996
5130
8273
6652
7706
5996
1062
2083
461
2083
8972
4756
461
5882
3458
1265
9035
2083
2083
8068
461
6248
9701
4626
4182
9564
1647
4934
3176
3463
1265
9720
2083
5996
5728
2083
2026
7772
7377
4934
3176
3463
5377
461
3176
7772
7314
6248
5485
8068
9720
3124
8972
4653
5728
4934
8273
5996
9035
1997
5130
2172
7603
3176
6652
7706
6652
1
1
1647
4626
461
7603
4626
1265
6248
4195
4934
9564
5996
2026
4904
2956
8223
5130
7772
9564
1062
921
2
9564
5485
6248
461
2155
1997
5996
33
2026
461
7377
4904
33
1997
4904
5728
461
4085
3176
8893
5719
1
6652
1265
3509
8972
4904
7314
9720
5719
7377
4151
4904
4151
1
9720
3509
1
2083
921
3463
7377
7772
2
4653
8893
9701
3458
8273
3463
8893
9701
7314
6747
3176
7706
9564
5130
7603
4327
7215
4327
9720
8893
6747
4626
182
4653
7314
2083
7603
2955
2956
5331
5882
921
2
4085
8223
7215
4934
7314
5882
7954
1
9564
1
5638
1265
5331
2956
8273
5728
5130
6652
530
8972
4182
7314
1647
2955
3124
2172
5331
5485
5728
4934
2955
2956
5996
2155
8972
2956
33
7314
9035
1062
7314
4848
5377
4151
6747
2083
8068
2155
5638
4626
2955
8068
9701
4848
7772
5753
4327
9035
6248
4195
4085
5377
5331
2155
4756
1265
4848
4934
4327
6652
8223
8273
7215
6007
2083
3509
5331
2956
4756
8223
8223
8068
5331
9035
3458
2083
7603
9701
8223
1997
6652
1647
7603
3509
4085
7772
2720
7603
182
2720
2041
4151
8893
530
5719
3509
4653
4626
1997
1778
9343
33
5638
2172
8893
7907
8972
7314
3509
4934
5331
3458
8972
2956
9564
6007
461
1778
2083
5996
8893
2
9720
3458
4934
9720
1062
530
3463
6007
5638
6652
9564
8972
7215
2720
4848
8893
4848
5377
7706
4195
4934
8068
7377
5728
5485
1062
7578
2172
2720
4403
5753
1265
5996
4848
5996
8972
7603
3124
7907
1265
6652
7536
1647
4151
4403
4085
6248
5095
4182
4195
3176
2209
5580
5130
1778
4756
7603
7706
7772
3176
9564
9035
461
4151
7772
3176
6007
9035
4626
5638
6248
2720
4338
8223
7314
8273
9343
3176
2041
6747
5996
2
7907
5728
1997
5485
4182
5996
6007
4085
1778
8223
1526
6248
8010
182
1265
475
5377
5638
3124
4653
461
921
8223
1265
6161
6747
6747
7578
7377
4182
530
7706
3458
4327
4403
182
2026
7215
5719
2955
5130
4934
475
4327
2026
394
3458
475
1062
5638
9701
4403
8273
461
5719
3458
9564
7215
8068
5485
2955
475
1526
1265
1062
2172
8068
182
1265
6161
2026
7024
5130
5130
394
2155
1647
5331
8223
4653
9976
5580
530
7907
3458
4848
9343
1
1647
3176
2155
4338
921
7603
4848
4653
9720
5485
2174
5485
9088
1265
4151
355
4104
3458
4085
9088
1997
6652
8328
394
5753
461
4195
5999
7603
9564
475
2172
5485
9564
6007
5753
4085
7772
5377
1997
8068
6161
3176
1
5996
8972
5130
5095
4934
3509
6007
4113
3463
7706
9564
4904
9564
2209
2
4104
7603
475
6747
7578
5753
4113
7314
7536
6161
355
618
530
7706
9343
1997
7954
7772
4327
5753
355
7954
8223
6446
9701
6248
3124
3509
4934
4113
5485
5753
2172
7536
6248
6652
7772
8010
5095
7314
1997
1997
1997
9088
394
5719
2956
5095
4182
1778
7772
2955
7215
2
5903
5999
6652
1672
9701
355
6007
4848
9701
6161
9701
4653
4904
9420
5728
4182
4195
394
2956
1647
4327
6007
5728
355
6446
9088
9409
355
7095
6652
475
5095
4756
3458
2155
4653
9088
2041
2955
182
1647
8273
530
182
7603
479
9343
5719
355
9035
4626
2172
1647
1672
8068
1647
6446
4113
7772
3728
2720
4104
8223
355
2956
8690
6248
1647
2174
4085
4527
3124
5095
9088
9035
2041
4527
2955
9409
479
7095
3124
9701
3124
7536
3458
5728
7603
7772
6652
4403
3200
6446
4193
3728
7095
6161
921
2955
6652
33
9420
4085
9088
2819
2041
5331
461
6747
1997
8068
2209
355
4756
8876
7578
9701
5753
8876
2738
2720
1672
2041
1062
1265
9720
9343
6056
3509
4934
9976
5485
4403
8893
7800
5882
2083
355
5331
9035
5580
6161
475
2738
394
4151
5728
4151
33
2819
8972
9720
9720
7603
2738
9976
4403
8972
4195
3458
2174
5130
1672
7314
5130
2907
5377
2155
5996
1526
5095
6248
6747
7377
4113
2211
921
9720
2174
1647
6161
7314
9420
2738
9782
5393
9526
8010
6446
1526
7215
5142
7907
7578
33
7536
182
479
9564
6001
7314
7095
8529
7377
355
9420
4403
4338
5996
4151
3509
3124
6671
3200
8273
9088
470
2174
4327
2
2211
355
4653
4113
3061
6446
5142
7314
6001
4626
4182
9343
9976
6780
3509
4934
3176
5377
4848
7377
7314
9976
4338
1997
8579
9088
8010
3728
3124
2174
9343
7215
3707
6056
7602
8223
6747
3061
6056
8273
5121
2209
1526
2956
3061
6652
7215
5121
7602
4653
7603
4527
9701
4848
4085
5728
5996
9035
4626
2211
8328
5999
8690
4756
2
182
6056
4193
3509
530
5753
2720
8893
2
9280
7828
182
2907
2172
1997
2955
6446
5903
8529
5719
8690
4113
33
8328
8893
1647
4151
33
2083
921
4848
6001
1647
9280
2
3124
8893
6747
2155
921
182
5999
5377
2155
7236
2209
5638
7215
3061
2819
3458
7828
8328
2738
1265
4182
355
2211
9409
3509
7215
9088
2720
1997
8010
1672
9088
4527
1062
374
921
1997
2720
5903
7024
461
4626
9409
9782
4848
4182
9420
774
5996
8893
7236
4338
8223
6001
5999
6248
8579
530
9409
8328
5903
618
4104
2211
7954
7603
5121
8579
618
7602
4900
6056
9720
3040
4085
8223
9280
6161
2174
5996
530
7603
4723
461
8690
5719
7098
4848
1778
6007
470
9409
9420
5130
2041
7907
33
1265
6446
3176
394
4327
6248
4904
6446
6640
9420
7602
1
8328
1672
1672
1717
9409
2819
8491
4756
6001
1
5580
8876
7536
1717
6161
2155
4327
2083
6780
9035
7578
5393
8328
8986
1717
8001
7098
5331
394
5485
8010
33
4085
921
6640
6248
3124
461
7871
8328
3200
4527
5142
4848
9343
8223
1526
2155
530
470
394
7603
5121
9564
1089
9420
3200
7772
3728
6001
5331
9526
4327
8068
182
2041
7215
5377
9701
8223
1647
8328
8972
5485
8491
1997
2026
6056
7377
530
9976
6007
8068
4848
7314
2026
7314
9343
6001
4171
4756
4904
7098
7800
4403
4781
9088
23
5996
8223
4338
8068
7603
5753
5485
7578
4848
461
2083
374
2211
8904
4327
183
7907
2738
4900
6056
8178
3040
7597
4171
4653
8544
3200
33
7954
7800
1118
2174
7098
479
8579
2738
8273
1997
4904
5377
3124
8068
183
7377
4113
530
7314
23
2174
7706
7828
23
5580
7578
1062
9526
470
5130
7578
33
4756
7907
2211
2041
5130
6780
7536
7536
6056
9631
4104
8328
5638
3061
7828
2083
2174
8544
7800
1062
5142
7828
5095
6671
3124
23
5719
1778
3200
4848
9571
5580
7602
2819
7603
4904
7954
8490
720
9564
7706
3707
8986
4338
5728
8690
9280
7828
6056
1089
7215
4104
720
5903
4338
1
2172
9088
4151
5142
5739
3040
7314
182
1778
5121
6640
7095
3040
2819
7578
6780
2041
355
774
23
3734
4848
9526
8904
9280
7236
7706
4848
394
4338
1825
618
618
4113
3458
2155
4182
6671
6412
8010
1717
5095
8986
182
1092
5719
8223
5142
1778
394
1
774
1092
7092
5121
6324
3040
2720
3040
3509
8529
7536
2026
7092
5728
4527
2083
1118
7772
4403
7828
5638
4900
4781
2155
5719
618
183
1778
5753
7997
33
4626
182
7480
4848
8876
8690
5580
774
5753
8328
9409
5331
182
4426
8273
6258
182
5377
5638
182
9976
3463
4904
5580
4781
5412
9035
9027
2174
8529
5159
2012
8178
4900
3357
3176
2012
3728
2174
530
7270
1997
4527
5159
6453
4551
4900
8529
3200
6747
479
9291
9631
2174
8001
9067
4781
7377
1775
4756
7314
7907
5121
5999
6161
9067
720
8010
7597
4085
2211
1778
5999
9720
5121
3707
1717
3458
4900
8010
937
33
1265
470
7095
6446
6780
2172
9782
2907
7098
33
4527
6780
9067
1997
7597
4171
9420
3581
7706
5095
5717
774
3200
5121
7907
3061
6203
2211
9280
3040
5580
4934
6248
2955
9067
479
5121
4723
2041
530
4900
7270
5753
1265
530
6324
9280
8010
9280
5130
7997
4900
2026
8273
2155
7602
2209
921
3044
5412
8893
5412
8490
6804
4900
7377
182
2295
4338
2012
3044
9571
8010
376
2012
9631
9027
4151
5331
8893
9420
2209
8972
7410
6161
3357
5159
9027
4551
6001
7240
4338
954
1787
6747
1787
376
7092
7997
4426
5580
6258
4193
7024
8328
527
5717
5130
6203
8223
376
9291
7270
8529
1647
7640
7997
9291
1089
8544
7828
5310
5393
8223
6804
3061
2549
2398
4193
5142
5717
6056
5996
9782
8001
8529
6258
6001
6412
7215
2211
2026
7098
8178
4653
6640
8904
9564
5485
527
8178
7092
6671
461
4403
8510
470
2013
8273
9564
7578
7098
5095
5130
2211
954
470
5344
1062
8972
355
7578
1778
4756
3463
954
6161
6671
4900
4104
4171
5999
1787
8529
8178
2956
2041
9088
9088
4904
530
1787
7098
3044
2211
8223
7640
9720
7480
374
475
479
7907
3509
7240
4626
1526
5999
2211
4788
6161
9430
7092
6001
183
4653
9088
527
4104
7480
5999
9343
9720
4151
5331
7907
6007
7240
1997
6412
8690
475
5638
8972
4934
7954
9782
7270
7737
3176
4934
9343
4085
3044
9976
6056
4723
6324
1118
6324
9782
3061
527
3706
9887
2398
5753
2398
8904
8068
2398
1717
2155
3509
5580
9571
8223
2955
618
374
8273
7314
2306
7480
4113
7098
183
5159
4327
2041
4551
9976
1411
4338
9420
5142
7410
5882
7024
9409
1647
2955
9035
1778
7997
7377
5159
9221
2932
376
5717
9221
1118
7092
9027
7603
6056
7602
7270
1672
5344
4193
4781
7997
8690
5485
2
3509
479
394
4113
3357
1997
9631
9027
9631
8491
2013
4171
8490
2862
5130
5638
7215
8529
3124
9409
5999
7597
5142
1118
5331
1062
4527
3707
4551
527
6947
33
7717
1
7270
5412
2606
2955
4527
954
470
9420
4626
1092
3728
4338
8579
954
2907
9035
1265
1526
2828
1089
2628
1093
4551
2862
4171
9205
8690
2628
6652
9003
5580
2211
6438
3061
2628
2907
7954
2720
5412
3357
6671
2174
2932
5803
618
3200
7737
4723
7095
1778
8010
2628
3509
1327
5739
1
7377
7236
2306
7240
2819
5739
9221
6007
3088
9088
5121
7377
5121
3350
7954
2720
6258
4756
4104
7010
4551
2155
1717
5331
8328
5159
7095
1672
2295
2209
8972
355
530
3176
3458
2012
6007
8904
7410
9221
7640
530
9571
8529
1092
8579
8904
9088
2628
8178
4723
2628
4848
6203
6412
2720
3088
9720
6001
720
5638
3509
9343
461
5728
8129
5803
6640
5915
3463
5142
5142
9343
7215
1717
461
3124
4085
1787
3200
2736
8010
9976
1787
3044
4723
2155
8510
8157
23
2738
8129
3463
4653
5130
8001
8223
4338
4327
9291
4113
4551
6747
374
7737
8986
7410
2736
1825
4723
1093
6056
7941
376
6161
6446
2720
2012
5638
8068
9291
6203
23
5331
6248
7737
7800
1653
4338
3728
6947
8491
6804
4195
2736
5005
4551
4327
9571
527
5803
1
5310
182
9976
5717
2887
7024
4085
1062
4626
4527
3806
7010
33
6057
3706
4171
8544
1825
9430
9291
2606
6747
3124
1997
6780
2887
2720
3728
3734
3176
6893
8690
7603
6258
7095
3176
3350
475
8273
2172
4085
5095
4934
6640
4193
618
9280
2932
7717
1526
8328
4626
5915
3734
1062
2606
2041
1130
9720
183
2295
6056
5344
4193
9976
9631
7776
8529
5753
3988
1910
4338
7092
7480
5999
1653
1653
1717
7706
7907
376
4121
6671
9027
4104
2
5739
4756
9343
8581
6258
4195
6453
2736
5719
5915
8516
355
7336
479
9571
9409
8129
2828
8068
1778
7828
2613
3806
3988
2907
8178
3608
2026
5310
9887
4551
5999
6453
8178
7871
7377
4104
7603
5121
4327
9221
5142
1653
5874
7597
7480
4551
5999
7480
8516
1
9003
2720
5412
8904
3734
5996
4788
6258
3581
8129
9221
6056
7377
4182
7997
8283
7377
5377
5355
4182
7800
23
3706
4756
3458
3581
2628
1594
3357
5331
1411
2606
6453
7499
7095
7536
6438
7536
9978
8544
8904
4195
5996
5580
8157
7603
23
5739
1130
7772
1775
7640
6747
5310
9088
8972
7678
3247
2209
2211
2211
1118
4788
5331
1717
8157
1910
2887
5719
470
3438
187
8068
5310
5882
6780
8529
7095
8309
2026
7717
618
2738
8516
3044
7800
5412
4403
7480
4338
7871
8986
4121
6258
33
6056
1672
376
2026
1910
6462
3707
3458
2209
2172
9848
527
7377
9035
6891
3988
8129
4551
8690
4104
8328
6056
7410
2887
2209
5996
2398
8491
5159
6248
2398
8544
8510
2956
8516
4904
8581
1778
6007
5719
178
5163
9003
9978
6652
6324
6780
9343
4756
6324
2211
1594
5412
3728
9420
3088
774
3438
2956
8876
6438
9107
1594
7706
3590
8690
8581
9420
2306
7024
5412
3734
3061
3044
1526
8579
2041
8719
9571
8516
9420
3024
5377
4551
8516
8510
4426
6940
7883
3598
4626
9082
6203
7954
2828
1130
5130
1062
394
3707
937
7717
1717
7871
7092
6324
4104
5412
2907
6453
4151
8068
3247
7603
4626
1130
7377
5005
9343
4934
5355
9343
8876
2549
5999
3044
5344
7883
5005
9420
4426
4182
3357
3728
8510
4327
921
6652
5580
9978
4934
9343
8309
8876
2026
1
6453
7997
6446
8972
2211
3350
9787
937
6947
3988
9035
4338
5331
9787
5331
4723
1062
7828
7010
8529
2172
5803
3350
9027
5412
1526
4756
1910
8893
7776
7597
9343
1717
8529
8491
8178
8068
2041
1935
8972
8092
1775
3124
9978
2155
3357
5121
6640
2155
8328
3350
7098
1672
6324
9205
2819
7640
3040
2206
8544
2211
5638
6248
9280
8129
7024
9107
976
1594
921
2013
8510
5393
6893
7499
5719
9526
9394
5803
9409
3806
976
9571
7236
7941
9430
7602
4626
1130
5803
7562
8491
8178
8876
2172
5377
394
2604
7499
7776
9221
3024
3247
2306
5915
5887
9088
3806
1
376
1130
1778
4162
3791
7640
4653
9035
1910
3176
5903
1265
6446
8223
2013
4012
2172
1346
7907
8719
9003
5344
8510
3200
1
2078
8510
4723
6007
7772
9027
9701
8273
6780
2907
9343
3728
5159
4756
1594
187
2542
8223
5999
2041
5100
8516
7499
9887
7603
2956
4091
1997
5369
6057
9782
1778
3509
3734
5580
530
7737
6007
8129
6412
5739
1346
1118
9067
1118
6412
8544
8490
6780
7314
8722
7364
6525
8068
2155
7871
394
5887
4723
1825
9067
3581
8490
845
4091
6946
374
2628
3176
2736
8986
5159
7236
3024
355
5393
5310
8129
6446
6804
5803
8092
7240
4182
9571
8491
7240
7480
5717
9088
9525
3608
6947
3044
2078
9394
5485
5377
23
6446
7772
7602
9701
5412
3707
5369
8544
2736
1910
6747
7997
4162
8654
7907
394
2956
7941
187
7597
3040
2013
527
6056
2606
8001
1118
4788
33
9571
8986
5903
2738
6324
2172
4551
3124
7997
6534
7562
5996
7314
1653
2907
7941
7314
4403
720
4626
182
1935
5719
9848
8876
1859
2012
2955
527
6007
1411
1130
5739
5638
7776
1594
475
5344
2862
9848
7828
6161
9394
1062
3581
1327
7871
6324
2295
9787
182
4756
5163
5580
4151
3088
7336
7010
8876
5650
3024
1787
6203
6324
2155
4788
178
355
5874
3598
7377
9631
8978
8010
1653
1778
8273
9394
7336
374
5753
9394
2628
5121
5029
2398
1130
690
7024
44
2041
8258
4788
1778
2553
1346
3706
7092
8579
4756
4723
8178
2398
9035
4934
1935
5142
6525
8510
5639
2738
1346
8722
237
7772
3598
9280
845
1967
2549
3247
2828
1997
4104
7236
7578
5393
5331
5029
4182
3247
479
7828
9027
2041
9343
182
4403
7480
1526
5728
2026
3734
5580
5903
8544
8529
3706
3176
8283
4527
3200
5874
8157
6258
1092
2078
1526
2026
9782
5874
9027
7024
6056
7828
4162
3200
4781
3509
6747
1183
5541
8893
9978
479
1062
6001
23
9526
7499
4091
2026
5903
7678
7525
5882
4012
9420
7640
9088
690
2553
2172
4506
4653
7602
8893
7562
9564
9430
9525
9848
3044
376
5903
4327
6001
2907
2398
475
8283
4176
1092
9008
7800
9067
7746
954
470
8491
8129
9291
1346
4006
5095
4506
6203
3124
5719
5541
8001
4904
9079
3764
2026
7794
1526
6804
2012
527
9571
6940
3088
2736
5639
1935
4527
9571
4723
2172
9003
9205
182
5095
6057
7907
9343
8579
9967
618
1089
8328
9035
3200
6804
5100
8283
2628
3350
1411
5393
7240
5887
2083
5377
8001
3764
9720
1016
5753
7336
9976
5717
8445
2738
845
3124
6166
5310
2720
5874
9701
2155
7602
8095
1089
7737
3707
3193
394
8157
3438
527
1935
3024
23
2604
8581
5999
3200
8092
7603
8010
9720
44
9720
3608
4756
44
2955
9564
7562
9525
9394
3463
2738
461
8178
4848
5903
2267
1997
9976
5903
2162
6203
8893
921
4171
530
3098
8129
2306
7800
9787
7236
9564
8516
368
461
3200
6203
6780
6640
1062
182
5666
4426
23
4551
4403
5355
8491
187
9409
9343
4327
8893
4121
4684
5485
1825
368
9571
6203
9131
7578
2557
5639
461
5666
376
1653
7364
3438
4085
7706
182
2828
1859
7603
3509
4327
1089
2628
9381
8092
4848
3024
9848
976
7578
8986
6940
6937
3061
2720
5369
7314
3764
1967
2041
3458
9525
5130
6161
1379
4113
1997
7800
9088
7954
7499
2553
7737
3509
4104
8722
3247
9782
2604
9291
7954
5874
6462
6946
5355
8491
7954
3124
2692
8283
1
4091
1647
8510
470
2631
5310
6438
237
9420
7746
461
2606
2736
470
4551
1910
1647
5029
4226
6446
7941
9409
1967
182
3438
8722
7883
7678
4684
2209
7578
7562
7603
7941
5121
475
3734
2306
237
9526
8919
7499
4085
7678
4653
7776
5331
1346
6947
432
40
4551
9526
1426
2955
2553
6940
6166
4195
9571
3706
3791
4527
774
2828
3988
6001
8876
8919
6993
527
4226
7215
7909
1089
6993
8258
4113
9131
8876
1647
8010
7603
4171
4085
4551
9967
2862
4426
2211
1910
530
8129
7236
2557
3580
9978
2629
5163
916
2932
8157
4844
2828
9694
1778
6937
8001
4329
6453
5355
6007
7578
1130
5130
8010
3200
2012
2828
4781
4012
1062
8516
6166
4939
6056
7240
3040
6412
4182
8654
6056
6422
3247
6203
8579
1426
1183
1130
7941
7907
3581
7828
1910
7828
8893
5882
3608
602
2013
8978
2078
6525
4162
9972
1910
1426
8544
5393
2478
4212
4171
8581
2955
4182
5377
5887
7480
8223
2553
3590
3806
1631
9291
1631
2604
3527
8544
5355
6737
2211
5159
4195
4684
4403
3509
6640
9381
1653
1265
33
3728
4626
4212
2
8273
5485
1327
2631
3580
3580
7794
4848
4195
6453
5728
3247
1717
1826
2553
2478
2199
4788
7909
618
5882
7525
355
1426
6640
7220
2613
3728
9131
6250
5719
7640
4176
4506
2174
9088
2078
2012
6671
4182
2295
6993
1935
33
5753
2013
3764
7603
2211
1967
7536
1183
7871
3088
5874
7800
7562
5005
44
9430
6737
4193
8654
7092
7909
7536
9967
8283
5996
5121
2209
6671
7597
4684
6250
2398
182
2013
2501
8273
58
2306
8516
2553
5412
3791
9564
2907
6747
2
5207
432
4113
2398
6166
1653
3608
3706
4488
9430
7820
5369
9197
4934
3176
1775
2628
954
921
1265
7871
6250
2955
6001
4527
9343
5310
4104
1092
5207
2628
461
2736
3442
1024
9131
6422
9526
2211
1594
5666
7364
5207
7794
9782
6937
8529
7828
2206
7578
2956
4900
1647
1
1327
5344
1997
1
2501
8529
4193
6671
1910
9848
8986
470
7760
7377
1089
3333
3598
845
7907
5005
9972
4429
8129
8719
9107
5412
6248
7640
40
5541
4193
7746
9197
2887
7776
4212
6203
7240
8978
8491
3124
1787
9394
2828
8157
5999
7717
4151
1089
5719
9221
6671
7240
4488
2174
3728
5256
5728
2501
44
9409
1775
9420
6804
3806
7314
1859
2225
4551
7220
3728
9291
1346
2606
1062
6652
8095
4614
7098
7909
1426
5331
2225
9088
9197
2887
4747
8654
7828
1327
2606
2306
5639
7909
1176
5803
7499
6056
182
4193
720
3580
8529
4403
7883
5100
7972
5285
9976
4162
1717
2738
4327
8729
9967
4338
5130
5638
1265
8978
9571
3024
5331
1526
6258
6446
5393
9701
1783
6640
9787
9082
9488
602
9631
2887
3438
7095
6228
376
6804
2012
2828
454
1183
8529
9003
7480
5650
8010
4151
9381
4012
8491
3200
8223
3247
2225
7909
3341
503
6462
5541
4527
8814
6057
4121
23
2932
5650
5580
7871
8328
7562
7603
6446
8328
3764
4338
2736
9107
8529
6446
2613
6056
9035
3988
9525
8328
1526
4614
4723
9720
8328
4756
3806
1176
7871
2862
2306
187
5882
3463
8978
461
6203
6250
5100
8445
368
5639
8001
3176
2267
454
7095
4429
1526
7562
2542
7907
5159
5249
8581
5728
7270
6940
432
3728
1594
7499
5331
7536
9327
7602
2478
9278
8904
1024
8986
1071
3509
690
461
4121
6525
9571
7871
2450
6462
8178
6747
3024
5580
1672
6422
2211
9848
4981
8572
6525
9453
6166
3341
8579
7640
6412
432
9848
976
7236
58
2450
4212
8309
9488
8223
9252
602
7706
9453
7240
9067
6446
284
6804
9526
2629
7410
602
5638
4781
4551
2720
8178
4151
7480
8529
9252
7480
954
4429
7602
4551
2041
5638
9291
7941
6462
5249
3581
9486
374
237
9017
916
690
7737
7314
7597
9327
7127
845
1265
8719
2199
3088
1783
7907
6937
1183
9278
4040
9221
8223
5719
5915
4723
6007
7220
7336
8972
9221
6893
432
3438
1859
470
2206
5996
2553
6940
4904
7888
4939
4104
3098
7336
1826
2736
4329
9278
9720
9327
2478
5915
9067
8178
2199
2736
3098
4121
7236
284
4327
2172
1089
5717
3581
6422
374
5485
6764
9530
3442
4489
4162
7907
7092
690
8581
6203
44
7536
9027
5753
5739
1526
7820
5882
7562
3509
1183
4182
9221
9564
5377
6534
8978
6747
5249
7525
1647
1594
3200
1653
5639
7314
6937
4904
9082
5580
2629
5285
6947
7820
5412
182
4151
1411
4904
867
3663
4151
5005
9197
4981
6938
6640
44
9787
8654
6525
8000
8328
5903
4747
5639
1631
2862
4403
2932
530
6764
33
6737
4171
5141
6203
1775
3333
7010
2211
8544
3044
6412
8258
8068
8092
8445
7098
2083
1592
1859
3044
3151
2501
5803
527
7236
8876
2738
5207
2174
5005
2
3357
9131
9486
374
3109
8579
9082
5316
9694
1265
1653
9107
6891
2828
5803
7603
2209
4195
8283
3580
6166
1631
7270
7410
8258
4489
6871
6946
9420
1016
183
8762
2956
8223
1062
3580
3333
5719
9787
9409
7760
3333
1967
9252
527
6203
9008
7597
5316
2155
9221
7883
3626
7776
9278
503
8092
8775
8762
1130
8719
3806
3109
1024
8904
581
9381
3442
921
2155
2267
1062
9564
2553
4900
3176
1997
1967
3024
5638
3458
937
5207
7092
774
7800
8510
8273
6937
4781
7603
8328
5355
4981
1859
5393
7820
237
8529
7240
6525
5207
1594
8814
3109
6671
6590
8095
5256
2629
6292
7760
8133
23
2629
9429
6871
690
2542
5701
1783
7717
6780
7800
3608
7737
8893
6007
5310
6747
6161
8258
3706
6001
6590
7536
7240
720
3379
4684
2955
5541
6248
7746
3193
2955
2013
8775
8544
9131
4541
8972
6248
7562
7911
6203
7536
3764
3458
7997
368
4162
5310
7941
9486
368
7888
1346
9488
4626
2295
4934
2542
9082
7640
4182
6891
6446
7098
5999
6171
4012
5377
7499
9409
2259
8775
9978
7997
854
6057
9651
6747
9430
5256
4747
2155
3438
7499
9976
9291
4756
8516
9567
9429
7010
4684
4788
6747
7972
5650
3151
7820
1631
5029
470
9488
5996
4551
9787
5412
5331
7536
2549
1997
2819
2026
9027
183
394
4113
3706
9972
3764
4329
2628
423
9701
1346
6166
187
6422
7314
2459
8510
3706
5638
4426
9733
5331
976
690
9530
3024
7240
4904
3357
4113
1426
4939
1717
4506
9967
3806
7776
6453
6871
4091
3581
1183
6258
3176
9079
1778
3509
75
5739
7986
4551
6640
774
237
1910
6250
475
5312
9571
2289
8157
1327
9651
2932
5874
6462
8281
4756
8579
5433
9017
2557
916
4426
4182
2692
1859
2494
3176
5377
5433
9631
4040
7717
9486
5393
7215
8258
530
3193
8157
368
1526
5285
3707
4844
4171
7986
2692
4040
5612
8258
4848
7098
4626
23
2225
2185
5915
4684
9967
1653
2013
6453
5717
394
5310
2
2209
8904
3438
4121
2289
7772
5485
5485
7986
8133
5639
5580
7215
2306
4040
9659
6893
4653
3088
1717
1379
4091
1778
1783
8080
3706
2174
2155
3438
2013
8581
8479
1631
2306
4514
5393
4900
4426
6946
9221
2757
7602
8001
8986
4212
1024
7597
4006
7215
5903
1071
4426
7820
525
7760
2174
1089
5639
2887
7562
6946
3183
3791
2295
461
7602
9027
9526
8762
9579
7772
2459
3109
3988
6258
1265
5130
5677
9221
7828
23
7127
4747
5179
8510
581
4388
7941
6937
8572
8529
2828
8972
7314
394
2955
4006
1034
6203
4447
527
7536
6324
9067
5130
9252
937
9782
4551
4151
7972
4388
5701
4120
8129
7314
423
3590
5926
8315
2398
8510
9733
6422
8273
7363
8129
9420
9017
5753
9205
3183
4551
2041
3590
7597
2692
7982
2757
854
3458
4040
9848
4121
1680
9079
7410
7525
618
7760
2531
5100
8972
8516
2267
9715
7220
3098
3379
5541
3124
2907
9205
4085
1653
7828
7911
8893
5773
9564
423
3728
4981
3247
7706
8273
7499
461
1967
9252
3247
5256
8412
7410
6001
9651
7336
6056
5666
7760
4176
6747
2494
7039
1775
1775
368
9027
6316
4226
8479
5485
8581
5677
6534
9003
5258
7911
9035
2916
178
5887
4489
5638
4844
4340
9280
6203
5638
1594
6940
7364
1672
8491
2065
8729
7602
4327
4489
1631
2956
7871
4685
5163
3176
4121
2211
525
937
9327
5903
9252
5753
8068
8722
4193
9571
7578
5344
9571
2172
5638
8010
5256
8273
4981
23
8978
8157
527
5344
6161
5285
7603
7240
5095
4904
3764
8581
4904
6056
7678
8010
2606
1859
2209
6001
3806
9631
4040
7828
7336
2907
2757
2968
374
1071
5874
5130
5541
6203
3044
5310
4212
5728
8092
2956
8223
5887
1967
454
6871
8579
7525
530
8572
284
5377
2757
4420
5677
1024
581
4085
3626
8719
9420
4403
5249
1327
454
2065
4527
7270
6764
3663
7883
6171
9978
3061
4723
7706
2306
7031
2174
7098
9564
9787
2828
6946
7024
8283
5412
376
4614
2013
6250
9205
8258
5882
5580
7127
9420
376
2174
3908
2738
2065
6258
423
2225
5249
5797
9579
8412
7746
9131
7092
2557
9694
40
8529
6937
1526
4934
1183
6640
4162
9530
8735
5100
1787
8309
774
4123
1592
7602
6640
5207
4747
7236
1526
1093
2692
470
9430
5179
5369
6737
3598
3463
4614
2199
7717
720
9327
3707
1653
7776
1093
6462
8307
720
5541
6747
9782
4756
9694
715
3333
8479
2267
5095
6947
8876
4506
6001
3509
8735
1034
5310
2478
3598
2185
4420
6228
6316
5393
7220
4151
3088
5100
40
1787
9062
9967
9409
5887
7640
2907
7480
7888
5882
9197
9782
4340
8893
581
1825
9343
1717
4403
4123
2185
6993
1653
7602
1672
2549
3728
7871
5355
7480
2478
6804
8972
3098
9564
6422
6171
8670
4006
1327
1092
8904
9526
9694
4171
3423
7480
7941
4226
4756
8690
4592
9327
9429
4723
8654
5903
4091
7496
976
6438
7410
9394
4790
8544
5717
9017
3357
7907
2557
5369
7717
5887
4551
3908
2155
3098
7095
3908
5728
602
5285
4904
7776
5121
4193
6993
2008
3509
7038
9978
1517
1038
9530
5580
183
4113
6993
4781
2459
2501
9579
4113
4338
2267
2553
3098
9420
8529
2211
178
7800
2206
6161
8491
9197
8010
8490
2459
6509
470
1118
2613
3341
75
264
5258
4614
9088
5996
7603
8490
4447
8893
9003
6250
4541
6737
368
9701
182
6203
1089
9715
7597
6292
4006
8814
2736
4790
5142
3442
6509
6747
9787
9733
2083
8095
7270
5095
4226
4551
911
355
845
5541
5316
2185
9079
3663
9453
3527
1089
7364
8281
2549
3024
1717
5701
1825
715
9327
1825
1631
5005
8893
7737
7972
8490
5978
4040
7760
7240
6412
2613
4781
2542
2720
5038
6938
7972
4790
8986
4113
2738
2738
2083
5207
1517
3626
3626
5080
976
7603
8349
6780
4104
1034
7336
1639
6891
715
2259
5142
7480
6993
374
503
8412
4788
8479
368
7772
6453
5310
4939
2862
9567
2289
8893
9787
4012
4388
5369
2862
9343
7794
9062
4403
4426
6258
5100
5285
4488
9967
6871
9067
5639
5803
1118
1967
8049
4012
3663
3245
8223
8324
8978
8978
7364
5803
2494
1717
2828
3109
9486
8490
7597
1224
4040
5412
1585
9976
8762
7737
368
1038
9017
7871
1783
5159
8412
2174
690
8529
7986
7875
1
1426
5100
7760
2306
6937
5773
5377
2862
1098
4776
5739
7907
6937
5666
6462
5887
7314
3040
6671
8307
8068
8349
4085
2606
8349
7972
2398
5377
5207
7525
845
9488
3458
5580
8068
6993
8412
9579
4514
9787
2531
4426
1639
7760
5310
7982
8307
1062
4790
9738
8157
7909
7746
5978
5803
7215
6780
4781
5258
7270
5179
5926
2629
2828
9224
2289
9420
8584
5080
6525
2162
9280
1224
921
3598
4900
2206
4226
7871
3444
6871
2738
8157
6462
6228
3581
1526
7794
7562
3590
602
1826
2968
2613
2955
525
5312
9409
6747
2008
5163
6057
1825
3438
7024
1472
7800
7236
4340
4429
237
1016
7602
4121
9221
2862
8544
9525
8978
5080
954
9327
6590
7640
4592
3193
3200
423
3988
6993
8157
1
2815
8445
8972
1647
8511
8133
7024
423
3151
2041
7038
5393
4541
4195
9845
9278
8157
2225
6316
4388
6525
5130
4193
6161
3109
7525
8584
9782
7095
6122
9429
5256
5369
2557
8893
4592
9027
2692
3734
6248
5038
4506
527
9651
9651
5650
9567
1024
3290
5095
9978
5207
7721
4776
1717
1224
2459
1517
4121
2887
3590
178
8529
9976
5369
4426
9526
1038
5299
9701
4151
6171
8690
2956
5258
7888
911
6947
2
7941
4447
1481
8972
8129
374
6248
187
1
461
1585
7706
9280
7038
6525
2828
7499
8986
5249
9394
9978
4429
7314
4388
6462
6937
7314
5142
4723
3458
8572
8281
4551
4541
2628
5996
3481
8307
1093
7363
3598
3423
2206
4265
2174
7739
9027
3590
9579
1183
6446
9561
1043
8068
6509
6938
9738
3580
9631
5485
1648
5773
9806
6057
5312
7603
5344
1118
7336
8978
7039
9845
2459
8281
2083
9701
4388
6804
867
3098
9806
2041
6446
8814
8904
7499
1176
423
475
8223
432
5130
8258
9079
8049
7941
1265
4488
4781
6797
2613
6764
2083
5299
9978
3423
8491
6166
2186
8904
5915
3442
4012
937
1139
3707
3608
8722
4506
690
5258
2887
9978
9564
1526
9131
7776
2174
8529
9082
1910
6804
3608
9651
2206
5258
4144
3626
7098
720
7410
2206
4646
461
9782
5650
3481
921
8092
3509
7410
4162
9327
7997
7907
1648
5355
1038
6871
4614
7986
5179
2720
8001
1500
9453
4904
5159
8510
3098
8972
2549
1
9530
9381
4012
3174
7907
805
2692
5299
854
3663
5728
1139
7242
2494
7962
1967
5701
6412
6937
1062
9976
8572
8129
9631
5163
2295
7098
6737
6891
5701
5316
6147
284
6258
1631
2542
2494
9848
2494
1775
4171
4788
2501
8775
2932
3290
954
7962
1411
9579
9887
1379
8328
2025
6056
720
7364
916
8529
5797
8133
6893
8719
4653
4646
6652
2539
690
5299
4195
5612
9978
1327
1910
527
1859
3509
6640
8572
75
1176
1346
3706
9221
58
3290
976
1062
8735
3791
3706
7603
7735
8258
5701
5433
2295
5915
1704
9107
7133
3193
461
7794
4848
6893
715
2815
3581
4446
911
2501
2720
5677
9008
9131
6797
2557
5677
6797
2557
7410
1787
1092
4904
6509
6893
7909
5412
6422
8133
5612
715
9488
4340
7760
3341
1467
4420
8412
2
7536
5797
8178
8068
8544
7717
5882
774
9430
3379
2911
2631
1653
4182
3357
8762
618
1467
3442
5163
8479
5355
4990
8095
8273
774
5097
1526
6937
3124
9787
3040
58
6228
374
5163
6056
9430
8283
1327
9062
4844
3193
6316
5130
6446
7737
3350
4212
6258
2557
3463
1085
4251
2199
4990
9571
6258
479
6001
5996
3333
1098
7794
4040
8223
7800
7828
9579
5996
7717
2459
6243
7092
3088
5179
7240
8584
7039
6250
7525
8904
618
9486
1517
187
5441
2600
1512
7364
4723
9343
5485
4776
7236
6992
4844
9429
6534
4104
8445
4429
3608
4265
715
2501
4651
5849
9221
1085
1
2738
8584
9564
1592
7658
1967
2539
5717
7776
1631
6147
7578
9571
5124
845
6372
7982
9967
4123
9343
9579
7602
4990
7972
182
2692
1183
5207
7997
7127
3438
1092
2083
9131
5005
1512
8588
9062
3582
4506
4329
5029
7350
971
7954
8516
9062
8349
2012
4781
3423
6534
3044
4514
8529
4747
7962
618
6161
3714
3908
7133
8529
1016
3350
6780
9820
2692
2065
1024
7443
8157
7098
5882
7911
4212
7024
911
5310
1327
8129
6764
1411
8529
5285
4006
5639
3590
4085
8340
2185
6640
4340
6590
6316
376
2629
2186
2041
7678
3509
4939
5541
4651
1664
4182
6147
3348
5903
9079
1411
1935
1653
2557
7377
5029
976
2720
854
855
7220
3245
9197
1672
8010
3663
5029
1
7820
5427
4151
374
8258
3442
3590
7972
4426
2155
2815
7907
7039
3626
5029
7737
4651
8273
4446
6057
9701
1631
7794
2155
7909
715
5639
8309
9035
9848
3509
7536
6258
7443
9107
6372
1592
954
9224
5719
2398
7525
3423
1085
3348
5344
7536
6243
3098
40
8213
8258
954
3290
3247
1648
2206
9651
976
1741
1472
2815
6248
1036
1016
3581
5258
3791
2815
7735
2209
7098
4848
6764
1783
2206
1631
355
715
7597
5773
4939
9280
5256
2604
6372
921
2606
3908
1601
4403
4012
1062
8178
5797
2172
4429
2706
2539
8624
9845
8670
9062
4554
9772
7367
4446
1639
3526
4844
4146
855
1176
9008
1265
2815
2450
8722
9596
2600
1909
1062
7039
7941
2228
1224
1379
1787
6248
4934
2494
9221
9221
1594
1034
3527
4653
937
1778
9131
2211
6946
2692
3444
4176
3527
8529
4680
4781
8133
9016
1825
2907
9221
1224
1825
1664
4151
5159
2346
1935
5310
8223
3350
7911
1228
9564
921
2186
2228
5612
1825
432
976
7364
8273
8490
7536
7428
341
7428
9221
5393
7865
6871
1411
376
2549
4121
5541
4747
3088
4146
3088
1327
9787
2553
8256
7875
4723
8762
7776
7972
5677
8324
5043
6993
1594
479
3706
7909
7024
1859
9079
8307
954
9701
9651
6462
9291
3707
6993
5707
7428
5043
8511
6804
4141
4447
2557
7220
3195
9972
921
2174
7735
976
1698
3024
6243
4844
1043
6871
8581
8490
2932
6248
3728
2209
7737
1825
3706
1940
7954
3176
9205
7865
7270
9787
8213
7888
9252
581
6937
9343
6947
8584
4554
6946
8588
5719
8624
7772
2862
7909
9197
503
4426
3176
5043
7603
8000
4146
7350
5369
7098
6446
3714
3526
9016
3663
5541
1176
1717
6166
7350
4646
9571
1783
8283
2501
8223
1024
2
7368
2519
9525
3438
6534
5996
5999
6992
7941
3024
1909
8445
8223
3044
5097
5344
867
5256
7242
8654
6453
1036
4489
3024
233
9018
1787
1411
8315
2155
5739
7794
6747
6797
6057
3379
1825
7236
1024
1034
7415
4327
8095
432
1130
368
1036
2542
4614
1608
7746
8000
5728
3440
5097
9848
1608
8624
7095
6057
3526
2172
3040
8722
5638
8510
2225
5141
3703
4680
4123
8273
233
9453
479
5849
4426
9224
3703
475
9067
1183
7601
3988
8978
3357
9806
9430
9360
5029
2008
5627
7888
5038
2613
9848
7221
8760
9360
6764
1717
5344
368
2185
6764
5612
9453
8309
6462
9684
2830
3526
1183
2553
6203
8904
3350
5163
3193
3379
6161
7997
4162
1647
2604
5789
4756
7095
23
5285
4212
9972
7986
9659
1704
2604
6590
1997
5412
7794
1130
1098
2911
9381
5100
4162
7480
2557
8572
9772
5882
5773
3341
9197
921
4680
1327
187
2172
4329
5285
2478
7415
7941
9291
4790
7496
7525
264
423
9976
6780
7242
2346
9579
8340
8
7828
2692
5432
6737
1036
4151
2828
5249
8670
3348
4510
284
5433
23
4085
6438
8495
5100
7986
8673
5638
9651
5377
9724
4226
6929
5485
9525
1500
4503
2228
2706
8258
4338
5142
3687
58
5638
9018
5029
4265
5038
5585
2968
916
867
911
3183
530
187
7363
5999
4420
8223
1291
9003
8986
3098
1183
9782
6891
8080
1653
7215
3357
9343
9205
6778
2692
5124
1327
5849
1680
1139
1526
5849
2026
284
7954
2738
8129
9314
8624
2531
4514
4990
2065
5999
4981
4144
1909
2041
1648
9659
1825
5005
7938
9530
4120
2531
4085
2269
4104
4717
8775
5433
432
187
3962
9280
4554
5121
602
503
7794
1467
4939
1594
2228
4212
4503
7525
9409
4182
1512
602
9684
1631
8256
4527
2539
4646
8309
2012
1327
7737
2083
7678
2270
7888
867
2757
75
6652
867
8095
2907
9343
9409
3626
5433
8814
8412
6371
5256
5585
6640
5310
4212
3581
9360
9278
9429
4717
2289
3580
9530
715
2270
9088
5887
1704
5355
2026
5627
2828
7911
3348
7098
4489
4651
4640
2604
1
4781
9280
5130
6371
2955
774
7367
8588
7760
7031
4312
8865
1647
9035
8719
7938
4085
916
454
2432
3088
2815
2027
4313
1653
7603
9967
5580
2346
4338
7536
2186
2346
2753
8445
5565
503
7871
2629
9720
4318
854
6023
7242
8340
6007
2501
2174
7415
1327
5789
5249
9082
3350
233
8306
3040
8283
2013
6804
6571
7865
8178
3174
2206
8830
937
9343
1038
9224
7525
2720
1526
2013
2228
8624
2757
1526
8511
9062
2172
9724
5803
7875
5995
7336
5038
8181
8479
5528
7640
2557
7439
5707
8181
6292
5803
5179
3590
2206
6871
8010
9278
1098
3442
8904
8760
6993
9694
8273
4788
1517
9018
5797
3588
432
6243
6938
2828
183
1085
6937
7377
4121
4162
5926
6947
2398
8133
9567
2828
6940
5412
1265
1036
1098
9224
9107
9782
5179
7678
9978
8729
9651
7364
7038
8830
3687
5130
7865
5179
8000
9280
6871
1648
3200
9973
5369
715
4551
6462
5256
5541
6747
1426
971
2753
7499
8000
3526
4900
7954
1537
5666
7941
7794
5849
2606
7562
5142
503
7596
7439
7039
2600
2613
5393
3305
5312
2553
911
9027
4900
3663
5915
4144
7525
5849
9343
6508
1631
3687
8735
8324
6716
4182
855
2907
5926
5043
4162
237
4514
9764
2628
1608
7215
7820
5377
1098
9659
5995
1043
4426
4340
3755
971
2228
3290
3290
8281
3714
8307
7314
4403
6993
1967
6203
7746
5612
8445
3626
5580
9526
5432
7603
1680
5789
2008
3908
6438
555
7428
1639
9278
2346
4653
2026
8654
5585
6372
4141
2629
4123
5887
3416
23
774
4447
8479
6258
8428
805
2738
5650
8544
3481
9343
9967
2508
9027
58
9314
9526
5258
2008
3357
793
4808
5080
3988
8273
3734
4121
6007
1910
5565
3687
4329
5585
9381
5433
4756
8762
7907
5926
1034
4318
9080
6992
4151
9062
7215
1139
4592
475
2736
4990
2172
5369
4760
454
5789
2459
2185
3962
5978
9291
4030
7658
1704
1481
4104
9684
8722
8770
4939
2757
7410
8690
1130
7986
5038
5707
7499
9453
4517
2815
3606
7875
8673
2757
2604
9701
1228
805
7133
3481
4182
8495
8583
8865
8972
1016
8
6993
9381
4488
2631
3350
6324
5926
2549
7098
7325
4776
5249
7039
8876
2553
4808
472
8581
3348
2459
8729
6453
9107
2041
7871
4752
2928
4124
8129
9659
7410
8445
4321
2025
2346
8972
7883
2432
1176
3088
2757
9715
4388
555
1717
2819
9978
4124
7678
2932
5639
715
1016
6001
8095
9772
9561
6316
4747
7602
911
6161
6023
3805
9245
9152
9564
1426
4318
602
4420
8256
6918
9940
9017
8770
8412
2065
7242
8919
9720
394
3806
9978
376
8001
6509
7739
2604
5249
6412
3044
23
5882
555
4651
6248
4085
3290
3734
4403
2819
4321
5249
394
5557
7828
9848
2819
6661
5565
8412
4752
5677
5978
5412
7496
474
4788
3598
8349
5915
7954
2
6166
4685
8814
6509
5797
5995
720
6937
8092
7746
4113
4091
9027
5789
355
2539
2478
9967
3440
7954
6804
3245
2862
9720
8583
1291
6737
3728
7242
4489
6747
1639
971
7439
2083
3193
4760
6171
5639
6797
5887
4848
7368
3582
3247
9016
5310
4848
3440
8673
7601
3098
3820
5485
4006
4151
8384
2027
8986
7364
8673
9596
5903
9973
9587
6438
6938
1648
3121
9579
8510
183
5369
7410
8000
7439
4989
6462
9016
4162
9409
6453
3394
6057
4388
3195
3458
9764
7130
555
6938
1826
82
5043
7678
3452
58
9720
8092
4104
8855
461
3040
2346
2539
2025
4990
3416
5249
7428
3040
4171
8579
911
7270
916
6248
1512
4265
9631
4085
432
9561
1327
3444
8453
4123
7735
2013
7240
5728
7735
8490
4488
954
3416
1647
5644
2736
4776
7982
1092
8412
8775
7721
5646
9205
8722
9035
2346
1098
5038
6243
7954
8384
1512
4321
9008
8490
1481
8876
3588
3580
7717
3458
7240
2508
8581
7658
9062
4162
5999
854
5141
5803
4564
9567
8306
8133
2629
530
9787
4403
805
6372
4091
1826
5707
1085
5029
6489
3423
9571
4182
5427
1024
6737
7875
6534
1778
4981
5849
6422
5124
3714
5427
2432
5903
7603
6446
1201
1826
7597
1580
2012
8511
5728
1089
4182
5159
1472
9972
7875
1594
8904
5541
7602
1537
7039
7658
5485
6371
9631
8516
7735
1092
8328
5095
3357
9027
1291
8654
3379
4388
1036
3193
9420
2501
8453
3606
1
7377
3200
5719
7640
3706
8324
2172
4723
9018
7800
5377
3452
8814
2531
6072
1472
5080
9343
9245
3714
9694
4141
9978
1639
2542
374
8670
6438
2185
921
5849
2162
5753
7038
2968
2519
8080
867
4680
4327
7602
5159
2968
2907
3619
2270
7038
7921
2065
4653
9787
5874
3176
3463
187
9420
7820
1664
4091
7367
472
9631
5580
4651
8349
5701
9848
6371
4517
4113
9018
854
4592
6243
7367
6292
368
374
6947
5996
3183
7954
2267
264
8412
7499
8095
1183
7363
8491
6891
3440
4752
8919
6778
4989
1783
1717
5344
2557
3703
9694
3024
5797
7603
9035
2736
6203
7883
4313
3121
5585
4760
432
916
9221
6056
530
9845
7536
720
472
8729
9651
2736
3734
9720
3509
9525
9564
5121
8581
1592
2911
1851
1526
8258
8080
8101
9820
503
8572
2613
9224
187
7038
6778
454
6780
2078
5377
1639
3438
2267
4626
8001
7603
7962
5773
284
3581
5441
9174
6372
5331
527
793
4426
355
7092
2757
7941
3098
7578
4790
7130
4684
178
9978
3821
4685
9975
793
7496
5393
4554
5753
7911
5038
2289
9782
7800
3394
8092
1973
2928
2830
5130
8068
2014
5095
7658
8306
618
5377
7133
4420
4742
3423
5029
423
5996
8814
3608
474
4808
7377
1062
5005
2738
3200
4429
9972
7439
6590
7602
8510
911
1825
4503
9764
9062
2162
8722
4800
7092
971
7735
2206
3394
720
8893
7721
9291
6992
2065
2289
3109
7578
4640
1843
4265
5038
1481
6462
2259
5580
3582
3121
9018
9973
4488
6147
1024
5095
8770
6489
774
7601
4939
4146
914
1704
6407
7717
4327
6590
5824
8579
5978
5427
8830
7562
7130
9205
7024
6652
6946
4124
5043
8572
3458
8544
2517
2459
6509
7602
4680
8445
2553
5565
6525
2911
9409
2972
7536
7941
9967
5773
3714
9738
1327
971
4752
2172
7270
3820
1967
8735
5369
9067
7888
2815
602
867
6171
3509
8307
6929
1043
7536
8510
8814
1835
9252
1967
4321
6633
6891
9651
6534
1787
845
8315
1931
5433
2706
2267
4517
8428
5565
3193
2916
7368
8503
8503
5666
3452
3755
2907
7737
921
3590
8722
2186
6893
4420
793
6671
5066
5707
7938
3394
4008
5739
2199
376
6064
9302
7728
4653
1664
8495
8986
4008
2041
6057
4614
8384
5159
3290
5258
8444
2501
5773
5585
2955
4685
3707
5639
7270
5557
1092
618
7031
9003
5142
3588
4195
2819
6372
4848
8349
2613
423
9564
7031
7220
5412
9820
4265
4517
7794
2365
1631
4981
6250
2629
5701
3195
4541
276
1426
6797
233
4251
9738
2928
9278
176
3458
9738
2542
470
9016
6258
7921
2759
3379
4113
9822
3098
6937
6893
7039
2365
6243
8943
6992
5803
2517
971
3121
3626
7024
5121
7095
2738
9571
3764
4646
8581
9027
4151
6525
3061
9486
8516
4510
8283
284
1973
7739
3903
5585
4680
715
7242
3908
7997
4171
6946
1648
3166
5882
9596
4327
474
3438
4447
9523
8719
4008
8281
3707
1228
9972
2459
4426
6747
4989
5717
5355
8080
7746
2613
7410
6778
2501
8181
6462
1118
3509
7371
7499
7350
3290
3390
1176
5179
9787
6508
5644
5627
855
7389
1826
7986
2600
8306
8670
9587
4541
2972
7721
8328
2269
7371
3962
1036
8670
2155
9845
2199
9724
7270
8919
1997
8584
7865
5312
9079
1783
720
7410
6764
8050
2211
1859
1034
8814
3821
9080
7092
6258
8654
4723
2209
7871
3098
2549
805
690
5316
75
976
4212
82
8001
6001
2083
3714
9107
9631
7092
6166
2008
4988
9940
9684
433
8068
4640
5803
9772
1526
8495
1062
6633
284
4389
4760
1093
8919
2501
4151
6590
3526
470
8453
2628
4974
33
1092
6372
9602
2907
4747
423
6446
530
5915
7336
9694
6321
7098
5400
4527
3195
5701
7325
9488
2065
9579
5380
7640
8814
7982
8384
1647
3903
2014
3390
2346
5650
4144
2736
4171
525
6609
6169
4646
845
9017
9757
9587
4848
1139
6462
9782
9080
715
7882
4121
3247
470
2228
7602
7596
8315
9314
9088
974
1825
2026
8735
7130
715
9453
4124
7371
9291
6057
1016
9420
3908
2065
6737
163
7717
6057
2956
2027
1025
6940
8324
1526
3608
8503
1467
8673
187
183
4104
4551
8101
2830
4592
8340
8307
4788
5580
9523
3734
8531
4327
2819
4193
6407
8654
176
178
5066
1024
1967
1639
7954
5528
7371
3590
7865
8080
3044
3151
9224
3755
9291
2956
3707
9420
7270
7428
1997
7883
7301
5926
1910
7092
855
6947
8707
9978
7371
2270
2759
4781
3061
7443
1698
5996
9280
916
4684
3301
3477
9684
3132
3357
3714
8001
9684
5996
3526
9972
183
4990
7760
2542
7997
3526
6716
4640
9080
6893
4488
690
9018
8023
2306
3821
1062
3805
8412
8315
2947
525
4104
2225
867
503
2211
7888
2041
9252
8306
3703
8
8
7536
7909
7242
3821
8876
6250
8670
3444
7907
8095
7562
6992
9278
8328
7547
6804
5400
2828
1183
6871
1787
8579
2911
3590
1940
6422
6243
7640
2450
9659
4904
3088
2956
7921
7739
2947
9787
4517
2432
8770
8273
7024
6407
5124
8080
9278
2519
8453
3305
4091
6462
1909
2508
433
3601
9080
7882
5124
2259
9525
4800
3728
1698
9972
4144
4680
5677
5316
3444
8092
9486
7301
2141
9409
4171
6609
7130
6321
1481
2736
1481
475
6292
5753
7728
355
7336
4340
7410
1672
5427
9822
2557
1183
9131
3527
9820
4900
1859
2187
2757
6571
793
9291
6797
2008
3908
2911
8707
6918
7909
9975
1648
4340
7883
5985
8624
3174
8281
6609
4388
2539
4989
9017
602
9003
2738
5716
2935
3598
9596
1859
5029
911
3519
4226
7270
163
3706
3582
9429
9602
8453
9343
9174
3806
8722
7010
2141
7800
8572
3608
7962
3820
4318
4124
2206
4653
7760
1929
4788
9327
2155
6590
7602
9299
1648
8770
1704
4742
916
6525
3416
9772
2141
9738
8572
4651
5717
9003
581
8328
3588
5541
8770
7735
971
9016
1633
4554
7371
6590
2259
2553
2211
7562
5985
5824
3606
3151
5095
4747
8516
9523
4321
9976
3463
4564
2398
3580
6764
7982
2553
8511
6891
8572
3706
2346
4554
4514
4429
8129
4848
793
3764
781
474
8283
7249
1955
7411
5707
75
8904
4340
9360
5932
2549
2267
5719
1085
3357
6292
6122
9976
7499
9587
8583
2631
3582
8223
8157
2027
7097
6057
5728
8855
3195
7240
3527
4414
4685
7240
4554
9973
5754
7883
3908
3590
3590
178
9525
7133
9848
1356
4680
7249
2256
4808
4176
7031
1826
5312
9648
1712
9648
7010
4626
5789
9806
7325
3176
7728
4781
3452
1601
6509
4776
1585
9967
1929
6764
9567
376
1278
6371
374
1867
2935
5773
7962
7547
9561
1787
8583
8491
3109
5207
4904
9845
7363
1024
9035
1085
1130
8690
2225
8529
3928
4251
1512
4193
6359
3601
4171
1783
9245
6412
6640
2459
791
1025
7820
4756
5299
454
8579
6122
5716
4939
7941
9488
7888
1034
6258
8729
8384
555
4680
530
7601
3247
3805
9224
1929
5095
8181
8673
1085
1379
5344
7439
4321
5312
233
9724
4680
5285
6764
1025
9420
1826
9631
5256
4684
3590
6891
1664
1472
5612
9523
5728
5393
6107
5142
474
4008
2256
1585
2928
8479
7364
8023
2955
4971
2759
4420
3962
4329
2815
2549
7954
6804
9526
2025
4429
2065
2259
6523
4121
7710
7010
33
1955
9224
3764
9579
2968
3061
1224
5400
3728
5701
5441
6947
9782
9278
6929
2172
5121
7496
954
3290
3379
8273
7038
8181
5141
3608
2720
4195
9531
1024
9523
3463
475
4030
5999
921
432
7010
7603
5915
2956
2025
5130
7888
896
7368
8760
1910
5380
9648
8307
7536
2628
3394
2162
5207
2757
8581
1672
7249
8445
8800
2041
9715
9701
3707
4747
8384
3588
1019
2211
3706
9088
9343
8503
5355
8572
3044
182
1680
1931
525
2186
6804
6538
3357
4527
340
602
4176
4939
6993
9845
5097
7871
7415
9694
8283
7364
6804
3928
9197
5716
8050
4146
5256
6206
5377
3394
8937
7760
9764
1653
2270
7350
8735
3988
7249
3588
8531
2815
791
4548
1038
2041
3151
5100
5753
5080
7010
2542
6871
3151
5100
6947
3195
9715
8762
6250
5124
8328
2025
5331
2757
1526
1183
7215
7954
9594
6764
2862
8490
6292
2887
9701
6371
4146
9302
2956
1549
5985
1929
189
432
4756
461
3307
6640
6661
5331
2027
7909
423
7828
9420
3166
9003
1111
7127
3581
368
8490
4934
5299
4760
1787
7336
8495
5915
4548
4752
9571
8943
4226
8904
793
2819
4321
4747
720
2186
9486
7315
5644
3805
5121
9291
5163
163
3098
2968
5650
9018
4844
3527
7603
2078
2459
9631
5121
7242
1038
9916
9531
2187
3231
805
9486
75
791
9579
1111
2928
2269
8735
2531
7962
3174
9820
2432
7024
9430
9892
5159
5095
9017
3174
530
8324
3183
916
9782
581
9564
1973
4551
6915
6412
1071
7242
5080
7325
5121
8181
8384
5066
5882
6122
3962
6946
7221
8729
7888
4844
5915
4548
1467
4614
5207
5580
2306
5728
6057
3193
911
8670
4124
5753
2209
7410
1909
318
3290
8491
9381
3390
9596
1800
9975
9567
6206
2206
4723
5179
4144
4506
8814
2815
5789
7095
2869
7746
5978
7602
7541
3301
5797
7911
4510
1224
1768
3962
954
2014
791
5327
4144
284
793
4818
2027
1800
2759
5380
2759
7794
8583
178
6946
454
4040
3444
6940
1648
1273
9596
6422
8673
4808
4195
7882
8001
3061
3061
5432
4414
3390
5803
7883
9587
7363
8581
8281
1163
2819
1273
5773
7739
9822
8223
1955
9651
6452
9082
4776
44
2155
75
2186
2185
5380
9738
1935
1592
5142
233
8719
805
2014
9486
8855
5957
8223
7038
8729
2542
1843
9062
6001
5142
5874
9152
461
1085
4640
1208
5008
9258
3626
12
9631
8445
7109
1426
2956
237
2155
7363
9887
4646
3061
9278
8416
6292
9205
4162
6250
2014
1648
2738
3581
4162
877
5100
7130
1704
2432
8514
8860
8876
423
7203
7909
2083
6316
2025
2844
1327
5281
12
6523
8555
4904
9360
9430
1592
1787
3580
5995
9733
2269
1291
2753
1176
3606
6716
618
896
470
3444
1955
9587
6170
6107
9343
6893
8919
3458
503
2692
2459
5322
791
7737
9694
5666
6007
4030
8133
5322
4338
4989
1034
9360
2225
2869
5433
5789
4195
3764
183
1379
5793
8516
3606
5179
2162
1800
5121
7428
8986
9221
3044
8516
4171
7536
4182
3526
7938
417
1783
1592
3088
2844
6938
6222
5797
5331
6764
82
5130
6064
9594
4091
9529
4988
3341
5141
6938
2720
6258
8183
5999
5739
4124
6222
7941
2083
3481
4614
4818
976
5797
8315
690
7746
2628
8893
2553
4844
6716
9018
4517
182
1224
5355
4848
9430
2629
6938
2753
2083
8416
2346
8978
1910
8010
7530
7871
9082
9531
4193
9940
3442
1775
7658
6227
2174
4212
4123
7871
5739
9654
4742
3305
896
461
187
2432
5789
4990
7368
6534
805
9017
4989
4335
6122
9561
5441
6891
921
5312
8095
2631
182
7220
1785
4146
7364
3903
8760
7097
6012
7658
5793
7924
2830
5995
5666
6508
9080
3580
2628
5528
2
4489
8876
7972
9027
9221
6222
2346
1929
4144
8163
7772
9602
5915
8307
6716
7954
3821
9991
1346
4171
3806
3390
4195
1327
6848
3526
9822
7315
5717
5179
5797
1787
9978
5142
6918
1717
2141
8775
8412
9018
9764
3608
9360
4414
5915
1130
4121
3707
6316
845
9631
527
6509
2798
3509
2631
7350
8624
7259
2830
7127
4012
6661
9453
6064
7921
6915
1594
9806
7363
2508
5380
4030
5703
1859
8309
9561
3820
3458
9118
1580
3132
5918
4981
4988
5066
5999
3444
9486
1092
2759
9197
8690
6446
9131
1397
3199
1592
4756
9826
7443
8673
1698
9079
8258
3706
4176
3532
9082
1549
2840
6462
1467
7031
6716
2398
1935
1783
9594
7772
5375
2224
3601
527
2186
2862
3728
9420
3728
4900
8428
7907
3703
394
9587
5646
4414
7735
5100
1379
6915
6169
9526
3663
9526
8095
237
2041
720
6538
2450
5142
3199
9018
2916
1680
5163
3703
5485
7515
355
7601
2259
4312
5393
7560
7911
4548
4551
8315
237
7710
8579
3121
4104
5585
9651
5585
3231
4369
9511
3608
5541
855
3166
6057
1787
6243
5485
4752
921
5100
9252
8223
805
6057
8572
6147
6227
1512
3527
4790
5797
9684
1379
7735
8049
6489
4781
7420
4781
7735
3121
7249
3098
5256
1580
280
1130
2256
1384
9826
4176
5901
5824
845
2432
6001
9079
6946
8000
7367
2078
8
3481
4990
276
9108
7578
3442
1092
7249
7746
1183
1092
9430
4844
4318
2289
5130
7603
423
5319
976
6929
1843
3452
3582
6250
4012
5926
6206
9380
5369
8049
6228
8849
1704
9067
6446
7536
176
2887
4321
1549
4329
2365
1778
1512
1201
5543
7415
280
2494
4146
8050
6161
2269
1481
6228
7710
4212
6513
2225
2501
2955
3307
4144
3606
4564
6056
2613
7907
2947
9525
237
7938
4788
8490
6915
7909
8707
9845
5957
1384
9531
3903
7678
8775
1532
3532
7315
5915
1775
4752
474
3714
3397
8937
6640
1741
5511
7301
5803
9564
3442
2228
394
6778
7721
8445
7199
9940
791
3458
9221
8722
133
8919
9107
183
8943
3588
6609
1910
4193
3452
8213
9757
4182
3458
3903
1481
1843
1653
3440
8315
3444
8049
845
5899
5557
6206
4420
4120
6446
5887
1540
1034
9594
1526
5162
8581
33
5473
9587
1481
5080
9381
3423
8972
971
1826
1025
7097
2432
2008
1647
7000
9511
7530
5773
525
8315
1580
4120
7098
7541
5310
4756
3734
2206
4447
8340
8583
2267
1843
9062
6316
5644
3663
5322
1825
4446
8049
9047
9526
4182
2606
9892
5511
9047
9207
9845
2815
6891
4651
4844
9016
7363
5095
7597
588
6915
6109
7678
4176
6122
5344
9152
5717
8412
7377
2014
8588
8670
9047
5789
2406
4193
4551
6371
9018
916
6538
2815
6023
6072
2928
6741
4684
503
4141
7415
7092
1467
264
4653
2916
5627
7314
1176
5008
7270
3307
9131
8273
8860
2186
2542
7541
4313
7560
9488
5344
1664
867
5331
3357
2828
6012
5207
9486
5355
5915
9205
4327
1787
9475
3687
6171
7284
3348
1034
9567
1071
9197
1071
8412
5355
2604
3806
8495
9152
4327
5285
4226
4548
4988
9381
8491
7883
6480
774
6747
9806
1997
1228
1130
690
7199
3444
237
1915
8511
7142
4340
6203
8584
8101
6461
1639
581
8583
9047
7443
7199
1467
1825
5344
8729
5773
6661
5331
4776
6508
6243
3581
1397
3481
2613
9488
4904
8479
2365
8531
264
8584
9648
2606
7982
2753
9221
5124
5473
9567
1036
9047
7746
8479
4781
4162
2887
774
8495
23
4760
7597
3166
5996
4503
9082
9972
530
5957
3790
1825
9887
2078
5327
2013
4900
4388
1228
8555
3805
176
2228
7847
3764
2174
8223
1592
602
1785
4756
2025
9664
8722
525
368
5809
2840
5162
7236
6929
3305
7911
5918
8865
7133
4389
1621
2972
602
7122
6227
5005
1712
3626
7706
4781
8876
4414
7678
3166
4790
9782
7443
5717
9631
3305
2519
8444
7411
3151
7249
4423
9978
7024
3826
8340
1093
8444
1698
6489
8511
4321
