6251
1
1
6251
6251
1
6251
1
6251
1
1
1
1
1
1
6251
1
1
3385
2244
1
2244
1
6251
2244
3385
1
6251
6251
3385
1
967
3385
1
967
9592
9592
3385
2244
2244
1
1
2244
2244
2244
2244
6251
2244
967
2244
6251
2244
2244
6251
967
6251
2244
1
2244
2357
1
967
2357
2357
967
3385
967
2244
4925
9592
1
4925
4925
4925
6251
967
2357
2357
3385
967
1
2357
4925
2357
9143
967
2244
9592
967
2357
7018
6575
3385
6575
2244
2244
9592
6575
6575
967
6575
4925
7018
6251
9592
9592
3843
6251
9143
2244
1097
7018
967
4925
9143
9143
9143
3843
4925
967
2244
2244
4925
967
7018
1
6251
3385
1097
2244
9592
9143
4925
3843
3385
1
2676
4925
2244
2676
967
6575
5845
3843
2357
6251
1
6251
6251
9143
6251
4925
6251
3843
2244
967
1097
7018
2676
9143
5845
2244
3385
3843
9143
5845
1097
7018
4925
6575
9143
9143
4925
1
2244
2357
5845
2244
7018
2676
2244
5845
3843
4925
6251
3385
3385
3385
1
5845
715
1
9592
4925
967
1
2676
967
2357
715
2676
2676
2676
6251
6575
2244
2676
9143
5845
1097
715
5423
1097
7018
1928
9143
1097
5845
1928
1928
1097
9592
6575
2676
1
1
2244
6575
2244
2357
2244
1097
4925
7018
9143
7018
6251
3385
5845
4925
3843
5845
3843
1
3843
1097
6575
3843
9143
5845
6021
6734
2244
1928
1097
3843
6734
743
743
2676
6251
1518
1928
5423
1187
3530
967
1928
1518
3530
967
1518
1518
2357
3530
1187
1097
2265
3843
715
2676
1518
6575
9143
2676
4228
1
7018
2244
4925
6734
967
5845
9143
1187
9143
6251
1097
6251
6021
743
6251
5845
7018
1518
6734
3530
715
715
2676
6021
2676
2676
1
2676
3843
2265
5845
3530
2244
6021
4228
2244
6251
6251
1
743
3530
4925
743
6021
715
2676
6734
743
6575
6575
5614
6251
1097
9592
2265
6251
7018
6734
1928
1097
3530
7018
6251
6575
3385
2265
743
3385
2357
4228
715
2265
5845
9143
9143
6734
6174
2244
715
1097
1187
1097
4803
6128
2357
1928
743
3843
3843
7412
1518
715
1928
4925
6174
967
824
9143
715
6575
6251
6128
6128
7155
4803
6251
6734
967
5614
5614
6251
2955
743
7412
6575
3527
1097
1518
2676
7412
7412
6021
6575
1928
3527
7155
3527
1149
9592
2676
156
2244
7155
2265
7155
7155
7155
4742
3530
4803
6251
5845
2676
2265
5614
1097
2955
6575
5614
7412
1097
3527
1097
6251
3385
4206
6174
1097
9143
4228
3527
6021
3527
6734
7961
5614
6734
5396
1
743
1187
4415
715
715
7018
2676
715
6251
6174
7412
2357
8183
4228
7155
1
824
715
5614
6734
7155
3385
4925
4228
4803
4742
7961
824
1
6575
7155
9715
7961
6251
2244
6174
3385
743
4925
1928
9592
4803
967
7412
2265
7155
3527
7961
2357
1097
7155
2265
5423
7961
156
8183
1187
4925
7099
3451
3527
2955
9715
743
9715
9715
7961
967
4415
7018
743
156
7659
9143
8183
6575
5845
5396
3385
3530
9592
6021
5845
9143
6734
9592
171
5423
6251
5845
967
6021
3530
7099
9566
4925
4327
3843
5476
9566
743
7961
9556
9566
9715
1003
9250
3843
743
171
3451
4228
1928
743
9743
6734
2955
1518
2357
1097
715
1938
3527
1149
7961
1187
4742
5476
8117
5396
5476
9592
9362
5423
9592
9187
2676
6128
5423
6061
6174
967
5217
2843
9743
2676
743
2357
7659
6936
1097
9592
1097
6128
5845
5845
8117
4228
1187
3527
7659
1187
1518
6061
6021
1938
1187
2357
6251
9250
6021
7412
171
1097
5845
9556
9592
9143
6061
6174
6513
9362
5476
1518
7155
6174
2843
5476
1928
4803
5423
7961
9556
6575
5845
9743
9842
824
2265
3527
9143
3843
9566
824
3451
9566
9715
3681
3527
6174
5614
3530
7961
824
6513
3451
5476
2244
715
2084
9743
3681
6513
3385
7155
9592
3093
715
1928
9362
715
3389
4415
3451
2084
156
1
4803
3843
2084
3093
6936
1518
5423
3527
171
1938
6734
4502
5845
1
6021
1
4742
6128
6021
1097
8183
9362
6734
3843
7155
3389
4925
5423
9566
6299
715
7155
4742
4742
2265
5217
3385
6128
3451
2244
6174
3385
967
7412
715
4742
743
9362
9187
7022
4327
1938
1149
4228
1097
4228
7099
824
3530
6734
9566
3093
5877
2521
7836
5877
3530
4502
6061
9715
3385
9556
9250
4415
6734
5877
4803
2676
6251
7659
3843
2244
5396
3451
9250
9143
9592
3681
6299
824
1736
3389
2244
3681
4327
2955
824
5396
9946
5476
9362
7035
1149
9556
9910
4803
3775
9946
2244
2843
4945
1212
967
6513
7022
1149
7155
4228
5476
5423
743
743
967
1097
9566
9946
6575
3681
9842
3775
5217
5396
7155
6575
4742
7087
6575
2676
4502
8183
4502
5877
9910
8317
3530
9910
967
2357
1187
9592
3093
9556
1149
2676
9715
3389
7099
1068
4206
3527
1187
4415
9556
3681
5423
5845
9556
2843
2244
4925
3527
5396
1187
8939
5217
1938
2084
9592
2244
9715
6128
743
4228
3843
5170
7155
4502
7099
5877
7099
7018
8117
7961
1212
4803
5217
4228
2260
7087
5423
6061
9946
2357
4945
7803
9715
743
7022
8402
1928
7155
9743
4502
2260
1149
4803
1187
1097
7980
6251
1212
9250
5614
715
5614
7018
4982
9566
2843
5845
8317
9187
4945
9556
4742
6128
6299
5614
3389
171
4228
2860
6061
3843
4982
1
6575
3488
4803
9362
2860
9715
6734
2244
6513
3451
9556
715
2265
6021
3939
4415
2521
7018
6174
9143
8939
7803
1736
9250
3843
4886
1518
7022
967
5170
8321
2244
1736
4228
5423
4886
7018
5217
7836
1187
9592
6299
715
8939
2357
2860
6806
7155
824
6734
5845
6513
5877
4228
7099
8117
2549
6021
171
156
1928
