5736
1271
1278
3653
1278
1
1278
5515
9897
1278
1271
9897
1756
1065
1278
1235
2017
1235
9897
1756
1271
3759
1271
1235
3759
1235
3653
2291
1278
8216
408
408
8651
418
5515
8639
1065
9453
1852
9258
8493
5135
4863
9258
6451
1
5135
2017
3400
418
4641
3400
5736
3653
1065
2017
6259
4628
4881
335
1065
9247
9453
5411
2017
8007
2333
4863
7601
408
2291
8971
1819
4881
5515
7899
1271
5411
2017
2291
3653
1512
7899
2122
8651
5515
5135
5206
3653
2291
4168
3400
8949
1271
2333
9407
2646
8007
8922
4033
8971
6451
8493
6259
2870
8271
9258
4979
9247
8971
1565
5467
4881
8791
8665
380
6483
7002
633
633
1795
8216
380
335
6483
7120
1565
8665
1852
531
9665
1379
408
9345
2240
5206
4006
2835
4656
1235
1352
4641
8271
4168
7604
8981
9025
7392
1512
4979
1496
4641
3982
6562
8216
4033
5389
8271
6846
4006
1140
335
9328
9583
5783
2858
1278
8007
5389
2008
1528
4979
3968
1825
8340
8791
5320
380
1352
8996
869
9025
1271
8493
6451
9270
1278
1852
1318
5467
380
5224
676
6702
7516
6702
3196
6451
1379
8459
6830
1804
4576
534
7918
6066
3400
1949
5754
7963
5389
9891
8981
5210
2017
9407
9202
7392
9891
8206
9477
1597
6542
6539
7581
1229
1905
2289
2377
9313
8651
2122
6830
9195
9735
8971
6539
6830
6451
6810
9009
4653
1278
1756
1140
9195
9025
9247
1597
1509
3982
534
1
9313
5115
6451
8908
140
3791
8911
633
6703
7604
2111
6239
4358
9247
1804
6702
5123
5515
6384
3279
2465
534
4017
9243
5736
1140
9270
1597
6542
7516
5736
2839
3093
8271
7319
2289
8216
9897
6342
418
8250
1140
5123
1036
9101
1140
534
5691
3388
1140
1756
4033
7977
9195
740
3791
5224
1042
8981
5783
7977
1704
7392
4527
4641
4396
6259
1042
6257
1756
7909
8802
3264
2783
6366
3718
8007
1704
5777
1589
1352
2240
3388
8495
3729
9202
7899
6539
6483
1575
7120
2189
8216
651
656
2289
1170
8007
9241
928
9837
7392
886
6830
4979
8216
886
2253
2835
6291
3093
380
2111
9761
903
9241
4881
2253
1223
7581
9761
4764
1509
1271
3968
1825
4410
2493
4766
6459
3157
1808
2644
7918
5739
3279
1492
1852
8864
1509
7946
1804
9712
3890
4576
531
1565
8250
6539
651
6451
3400
7909
8007
3057
4033
6539
1512
4527
1795
9565
3759
116
2858
4641
5460
3805
9453
1223
8493
2727
4628
6451
4367
6861
2766
7659
7880
1278
1042
3110
1309
6165
1318
1742
7414
2024
7581
5320
9345
6703
5184
2858
7484
4032
1825
8949
2839
1473
1464
1565
8206
3271
2956
9837
4367
869
6221
2277
1410
5930
9407
2333
8651
2400
1597
1852
7392
7842
2266
1042
1795
9407
7381
8544
2646
4254
3647
1386
9474
1509
1597
2411
3363
1653
8299
7601
8396
869
1528
8908
680
7985
6342
2956
4358
5283
5889
4863
3791
7120
9886
5467
6291
1229
4367
197
2411
8303
7392
1496
8206
9092
4666
5320
204
6621
2766
6088
7899
8451
9595
9068
5930
4006
5460
6259
9009
3299
4656
1
9563
1168
6224
5135
9370
6783
5283
1379
4081
3318
3680
3680
5648
2727
4358
640
3191
5115
7800
6599
5475
4812
3527
6542
1512
3400
9960
633
3226
4957
3150
6066
6516
4208
3586
6342
18
118
9296
65
8971
4337
1181
4223
9270
3980
348
2465
2901
2493
247
9009
2289
3887
6338
3743
9897
8688
8145
9559
2839
7899
2783
2644
1309
531
9781
37
8880
1391
7093
4576
7909
656
5905
3805
672
9857
7932
9306
9270
5101
2246
740
3299
6599
3327
9096
6539
4017
6953
6260
6282
9837
1492
2024
4081
5680
1905
7243
1496
868
6703
9776
1036
335
408
9202
2377
1953
7184
8250
7177
7974
5739
6338
3272
2493
2033
9882
3729
9101
2493
8908
5165
3175
5123
5019
928
783
1804
4202
7212
1764
1916
2361
4742
1144
2644
2289
3718
2152
8303
8309
7615
5599
9559
8532
386
3743
4514
8971
5630
8271
8459
8836
5761
7536
5630
3388
4731
204
4219
918
2189
4527
7581
4819
3271
5705
5595
310
2144
8430
8016
1473
8996
2727
8249
3982
5599
7268
903
5411
6459
5777
6106
7841
1492
9294
5595
4666
3327
3778
6291
9092
1953
8639
7093
7985
6806
6139
9202
7977
3093
1509
2901
9009
3230
6066
9096
8879
8068
3150
6830
8249
4834
2291
8139
8532
8495
886
9328
8007
5206
928
4764
9583
2133
9840
4641
8852
1279
5081
1608
2704
2212
2400
4032
701
9761
8493
9241
2783
2277
8216
408
6599
4576
9043
1787
6165
1996
37
8802
2182
2465
1530
868
1825
4300
2430
6888
7835
2189
5736
6850
417
1320
5515
4554
9555
9328
7567
8911
1639
602
5392
5210
9296
3526
9897
9243
9407
2017
4979
8139
7615
7381
1804
2240
3395
8981
903
5206
6139
6386
6979
8595
9150
9012
3057
1949
5648
5930
9882
1749
1512
3791
7552
9092
116
5392
4219
3057
1271
2400
8271
2472
1473
2465
7538
3196
1134
1274
4087
7974
4926
9241
9214
4614
9384
4952
1900
7985
5739
3272
1905
8402
9345
2152
8285
4367
7329
7243
4067
7409
3594
903
8469
1118
5184
5930
8271
2291
4358
7754
2197
3264
7229
3346
9494
7659
5411
9133
1181
8544
6806
8520
8582
5905
2012
6453
5515
6771
1852
6042
4743
6621
4527
8285
5680
8204
6314
5599
1391
5595
9712
8229
8204
2253
6224
5178
2765
8461
3230
3729
1819
84
1140
8475
2240
3329
7974
1410
6366
1118
7581
6025
8139
84
1315
1
2152
9673
4085
9384
3527
8139
1639
1065
6426
7329
8307
4514
3318
4764
194
1036
6008
278
6542
1653
5210
18
7380
560
5362
9477
9761
6542
4081
5401
7493
8996
6307
6139
522
8206
2008
6483
8647
8538
4017
5123
5234
5039
5698
9712
9407
1815
6455
8206
8647
2680
9306
5362
8966
602
4143
1653
3191
9296
2465
1653
6996
5677
1851
4396
2133
2966
9140
4126
7777
1738
9897
5575
9247
5565
633
6267
4743
4374
6846
4952
3272
2138
8836
3167
2389
4243
8118
5460
5362
348
1134
3739
4294
7665
2645
5705
3044
65
5575
9202
9264
5504
973
3110
8250
6844
8216
9214
3718
5123
534
9544
8318
2901
9068
8926
1825
9583
2284
6452
8366
6262
7747
6702
6215
6440
6008
6260
9159
2291
5677
8573
6602
6657
271
8493
6736
4653
994
6426
2
6452
2266
4294
1760
2953
1410
6806
9897
5800
8145
8435
6674
1787
2277
9639
475
3976
6338
4605
6657
1352
8118
21
4742
2493
4017
7447
8101
1704
4441
7049
8475
4514
3594
4396
7096
9563
4444
6051
8424
5843
560
3277
5554
4032
3863
7010
3093
3874
561
8911
6162
6259
6808
163
8595
7985
1528
1655
8340
8572
6709
4957
3722
4707
2901
7002
9385
6440
2321
1708
9570
2197
5917
4371
1464
5101
5165
903
1165
2748
4628
1410
422
8229
204
672
4279
8618
1794
8316
630
2253
6569
5921
7449
6542
2
8451
3893
7860
1464
9771
9025
2425
633
3586
481
1777
3422
1905
3230
8802
1696
9088
6888
6810
6307
1352
9275
6808
9837
3235
9126
1509
3299
9639
5320
6314
6081
9840
8830
9837
6191
7228
4269
5912
2835
2748
3909
3868
5889
5698
6242
6857
7977
1379
7476
400
9770
8204
4631
3785
6508
8375
4081
2253
998
9559
1655
6239
4154
8611
1134
9170
9833
1512
5283
8872
9170
5362
4831
313
2297
69
9420
1083
2873
3743
278
7842
5362
7449
8544
1618
9032
4140
3057
3868
6201
7794
9407
4243
7810
2289
6703
4783
8639
1836
8430
8879
2839
6736
9734
400
1595
2493
5840
4790
8647
1638
6857
5510
7409
7794
8830
7177
8966
7860
2704
3224
8759
4881
4653
4499
8456
8318
4653
9712
2333
9101
3264
630
7810
9922
9555
7872
1653
4501
9833
4374
5726
84
9776
6106
3299
5575
9563
2136
9313
8934
9302
1794
994
9014
2801
8538
3720
2366
8107
1565
4143
6913
9583
4964
1509
8216
9092
1526
5210
1787
9296
2644
6508
7328
3191
368
522
6106
3395
2646
7909
8154
4979
5362
5885
2465
8068
2212
6185
633
7476
2054
3797
1618
1464
6657
7892
4435
9510
6307
6037
4666
7999
4979
2515
41
4782
4874
9126
701
9202
6777
2277
4281
3264
5190
2766
4819
8162
7909
1315
2644
4143
8528
9820
3586
8665
3958
3057
7010
8007
8305
2430
4801
6314
6422
7328
5754
9761
6287
9279
9567
5182
91
9159
7228
5224
6215
529
5800
1315
313
6930
2982
2354
7839
5053
8475
1837
8456
5325
3469
1639
4834
8475
6110
4659
8872
5144
4717
4926
1565
5184
2422
5761
1229
8459
9096
1095
4300
6868
9324
3968
9025
5210
9035
6844
1655
1286
6360
5889
1944
9009
2138
37
6771
6291
7899
7002
8364
3759
3394
7849
6629
4252
5425
5425
9567
8532
2953
1473
9549
1787
2033
7174
643
5111
4623
5761
6185
7253
5951
418
4605
3174
8318
8340
154
3510
5579
8047
4947
7392
9494
3196
1979
8528
5050
3866
2153
3329
2930
1115
3863
6996
7177
6278
8695
6674
8926
7068
6542
4931
6278
3224
1391
5640
8137
7212
9345
2176
886
6453
8309
69
3868
2240
8224
8655
1496
313
9035
2872
3007
5889
9567
9296
7424
9510
3070
1095
7806
3564
2021
65
8339
3142
6070
1589
9385
3097
2688
6110
2848
1318
3661
6490
9359
1184
9771
1999
2238
1516
2361
6490
132
9012
3982
9032
5255
7659
481
8216
7668
6846
133
4957
4605
7319
7977
6314
7504
1289
8150
5575
1
1271
2013
3527
7469
5512
7476
2470
9391
9510
5231
3224
1315
9665
6562
85
4731
9510
1583
9407
3380
7644
783
8456
3917
140
2644
3796
7979
3591
3422
8430
8049
7731
8810
386
4097
2238
1116
3830
3553
9833
630
1560
4485
5445
7621
6507
9179
5510
1223
9146
8461
7977
6081
4831
6260
1528
7759
7122
9570
9840
9035
6141
7892
2089
1170
9555
6173
8003
7670
651
7493
1552
4006
4182
2380
8359
9642
9820
7535
6751
9421
5640
194
3343
2901
5512
1095
6185
8611
3343
2152
1144
7536
2152
1278
9844
9156
7393
2547
6751
4514
6191
3346
278
4097
1347
7889
7839
5656
2748
1949
8908
1533
9209
1549
8305
5890
5076
561
6114
3315
1251
9950
3625
1184
4252
2748
7820
1900
2873
9466
4254
5435
3142
8826
8759
6259
7449
4731
8049
1498
5499
2152
7960
9337
7329
4411
5218
9771
7493
7380
6287
6507
9264
4628
7667
5231
6507
6384
9088
1036
8495
8146
3212
1115
4136
1315
2377
978
1620
6806
2425
3037
519
5736
6568
5034
9133
9735
2144
21
7443
3395
7959
8466
3882
1834
2089
8309
783
8587
2233
1794
4701
8150
6239
7269
5443
2408
6844
8671
4863
9477
753
8377
8996
1760
3684
9264
7751
2417
2547
9776
3264
8598
4211
3469
6262
5165
6799
2051
65
6460
8003
7535
5163
7360
1083
560
8285
5595
6868
1787
3901
1905
5166
3621
1819
4656
7365
8528
1696
8121
7552
4337
6215
2380
9886
116
9657
3418
5648
5019
1618
5124
6459
3868
6702
2150
3968
5804
534
5144
2150
1511
4034
254
5016
2233
7754
7835
3822
4651
2415
7841
529
4551
7083
3692
8468
1042
8107
3388
1916
7068
2961
7718
1575
9068
1229
7049
1042
9420
5580
5039
1464
3927
8008
7959
9258
3439
5630
8271
7668
4641
4938
8319
5981
3565
1345
423
2801
7097
5117
7122
9291
2689
1309
5237
8655
6282
4952
8716
8651
2689
6999
4764
8402
417
1530
1312
5754
7251
8424
9092
4030
4511
7806
1512
1299
2055
7930
7800
8616
4442
1345
7794
9960
3835
1616
7717
694
1322
4697
8469
3296
8435
8587
978
8224
9294
978
5190
3759
5389
2961
8774
9937
534
6864
6278
2982
1170
8595
9559
3759
3822
4047
1498
1783
5800
2953
9248
9101
8858
9218
6574
9133
7328
2197
7424
5754
9179
475
9156
9602
9195
9407
3720
6864
7946
9817
2496
2411
1061
5467
5496
1061
6262
2848
6810
6122
8216
7269
3893
6106
7567
6999
9517
7047
4367
4947
4239
7644
6338
2579
2835
8148
2645
4864
7751
3865
6857
4136
8364
9447
5411
9567
2901
1115
4153
5255
3782
7393
9592
9359
1616
9153
6930
7122
137
7800
7810
9882
2089
4027
5930
4371
4307
9337
8451
9105
2266
4876
194
3091
8047
6985
8249
309
2366
3950
3127
7288
1999
194
5825
2321
2833
9337
1695
2107
9937
522
7932
5034
8688
1487
3630
6844
1695
6429
4797
9420
5885
5512
6314
3662
7810
1195
9980
8459
5234
8705
2089
7469
3162
5010
8461
1825
5045
7083
9146
2627
962
9313
602
2354
9247
1361
8805
3346
7928
5166
8633
826
1071
9510
6862
9560
5445
4017
9404
1974
3586
3044
1749
2424
1056
6888
8510
137
1278
5761
5227
2714
8402
4659
9294
9191
1235
7093
1168
869
292
2559
7484
21
4307
1794
8858
4165
8139
6830
3363
9035
4095
3157
6574
9071
4254
8598
6224
7694
247
7504
9973
2889
973
2089
3782
6985
3968
4953
9236
2472
3930
2911
2278
6047
4504
6500
2017
2783
7665
9640
7020
5124
5206
4909
5081
4485
8475
9236
7242
4081
1190
1760
6999
9897
5605
1932
4163
3759
2019
1322
5885
3431
9260
2902
7983
6042
8012
7121
9102
7461
4097
519
672
6736
3314
1223
4404
2515
9170
6478
1926
1696
1760
2008
9811
7083
7253
5165
1851
3586
3483
2107
8830
8468
8610
8780
5816
3395
8424
7973
9761
1527
4458
3400
7040
5905
9655
5550
2472
7703
445
5680
9068
3915
533
5034
5106
8224
7579
1497
3565
6846
3729
4952
423
3591
5515
677
1815
7606
5916
8448
389
5912
8849
3380
4141
962
3778
7478
2464
5328
7290
2964
2691
7604
909
8151
2833
643
6830
1182
239
8120
126
8277
6454
2182
5346
9861
2586
4979
9817
2054
8673
5224
9306
2510
5410
4404
4783
1
4876
1410
7536
7575
7296
2377
4766
7944
8028
8971
8275
6141
9420
8254
3251
7052
9275
5141
9052
5727
4957
5182
9391
5008
5428
2689
7974
4095
9748
998
8705
7747
1803
672
1990
4931
7473
9214
4095
9024
5219
8290
9738
8155
6105
6028
4707
5930
7259
3422
3621
9859
375
9117
9384
9202
1979
9866
4337
5123
3889
416
3865
989
5443
4083
9853
5873
6008
783
1695
2741
8242
8544
9159
2008
1345
8759
9101
1521
4576
7538
9171
4443
7525
289
3553
2775
3022
3647
2927
4352
4766
8655
5206
6483
4222
2768
8249
9088
8659
2809
5324
8706
1979
4619
4801
4208
6914
4337
2813
1318
5034
8534
5220
4654
7046
2564
8455
7478
9537
8554
7700
3548
124
3745
6165
2233
6454
3238
2145
3796
5741
1618
3968
3729
5904
3194
7472
3091
3097
2768
5336
9941
6259
7535
197
7731
65
881
7349
2592
6867
643
2946
5550
5496
9147
1887
1816
1704
2870
7178
5050
3759
2408
4641
6017
910
7525
7787
6173
4871
3722
2662
4700
2741
2240
701
9296
254
3328
2377
7536
9126
2048
9424
9947
1652
7200
8495
5106
4443
4957
1345
4221
5311
4047
1234
7872
7141
389
9243
8934
6017
9952
8725
2210
5741
7525
729
5133
1383
2148
5255
8805
2604
8461
4801
6562
3299
3564
6360
4632
7446
5393
6422
7426
1094
9947
9469
3228
5885
182
7268
6028
163
9306
5912
9202
6842
2991
8007
4238
2688
7726
6810
2917
91
9172
3835
6867
3899
9101
1851
9199
5159
8379
7899
6025
9324
4165
7317
5255
2246
6422
3874
7449
6247
3235
8701
8204
1533
2210
2138
2543
5373
445
7977
9781
7399
8453
5886
3473
6173
7068
2783
4396
6246
4165
8347
6404
8737
3995
2991
6408
7478
346
5206
8452
2833
3502
3790
8780
9025
6151
7222
7047
8737
4182
3759
6193
2662
5578
3791
4581
1165
6088
4444
2181
1808
9487
4804
7835
6290
8250
9359
4243
7964
8250
1312
9325
7525
9035
9325
951
417
445
6862
8368
4221
4979
1170
36
7606
3745
1747
1278
8257
3723
5219
9302
2889
8852
5783
7293
7997
990
9617
4602
2408
7928
629
6996
9801
7838
8206
5101
8028
2277
5101
978
2124
8805
3235
3743
8793
2422
5133
9395
7003
6516
3450
8229
2122
6746
6706
8008
8705
2584
8872
1632
5197
6047
7869
5825
9642
2054
5299
1738
3251
8990
4254
9375
5435
4898
3335
7093
7659
9218
7057
8150
4792
9818
3899
8665
4605
154
7860
9973
607
9570
7121
1597
3686
2515
5890
5780
5739
8459
4707
3363
9032
8577
1571
3314
9771
1410
1379
290
4797
784
6657
6995
8344
3194
8971
5777
4500
8534
8257
7711
7876
7097
5065
5401
7999
7726
8101
3968
5467
3711
84
7414
1134
9300
509
4458
8655
9346
7946
3980
5053
4075
3745
2150
6607
3996
4077
7759
9738
9797
1878
9617
7911
2190
4092
7670
8339
8789
362
4743
4034
8290
5354
1071
7849
8538
4408
4656
7405
7411
8150
8275
1923
4809
5124
8257
1463
1611
4717
7046
2680
2513
973
5224
578
4783
2116
7644
4963
2772
8158
3383
6398
2430
9477
5445
5036
5336
8532
8949
9566
7690
5654
4718
5890
7475
2980
1944
7717
2033
335
8998
8242
1138
4504
6888
3212
7869
5729
7116
1342
1730
4959
313
4170
6562
1704
5911
1983
5554
4420
3060
3328
3526
3776
7414
5123
9346
8774
7253
7473
1904
2136
8719
1073
9565
4597
5642
1232
1116
2464
1836
154
3548
881
739
753
133
4077
3443
5034
3318
4080
6862
4641
3796
5477
802
2500
1095
366
5434
4352
5238
4433
7414
3328
893
2706
2453
7137
225
4021
418
3260
4703
1619
1571
3865
2717
7473
7121
8890
9337
5863
8949
8012
5288
6070
8968
3087
1165
6336
54
9284
3858
8242
3314
4863
5227
1510
9771
481
9236
118
6452
3127
1794
1048
6441
4760
2742
4405
4554
8654
5693
4279
3968
7578
6262
4441
7174
7960
7433
2873
9145
7178
7728
7615
5168
886
6189
826
7759
2765
2291
5630
6830
8250
702
2691
3037
5081
3727
7670
1572
3982
4782
5790
7718
775
8387
4695
8007
9837
9652
7473
1224
3995
3106
2937
4797
6861
7464
8448
855
4568
9641
9024
9370
481
6886
5840
3577
8466
9761
883
1764
8647
5994
543
4092
6335
4953
7581
8461
5311
8122
9469
133
1640
3434
3400
5231
2389
1965
5207
1116
416
9397
3782
3070
2600
2210
2910
6433
9937
8908
2033
4341
3296
1502
54
5124
2519
6810
6674
4202
7234
5693
5182
9738
7297
3315
7708
9900
9636
400
9283
5964
6913
6267
6457
9397
8430
9372
1299
7670
9844
8727
1473
8033
1417
7190
2421
914
6066
2003
5467
1787
1299
5156
752
9159
8872
7052
5480
7215
9510
7960
3577
7644
9096
3269
3061
5973
1196
8949
4794
2291
7928
5737
3150
6846
5203
7654
6457
4511
4773
4685
6028
1
7243
4810
5036
3235
893
9270
8826
5694
2152
6307
2031
1638
9020
4931
2443
7325
4953
1836
5488
1342
3192
3202
2417
9372
8452
2847
5605
7368
8150
4659
2680
2475
2149
8204
3880
6257
8814
3142
239
2380
7880
445
8802
5735
356
5886
8785
3127
9284
5961
481
70
9385
5595
2085
6951
1652
6221
4435
2093
8345
8705
4163
6526
914
2424
1875
1879
3161
8257
9367
4404
5861
858
4787
2205
9447
8532
5951
6139
2974
5994
6521
7918
4500
8139
783
2592
4794
8402
6542
605
3893
6106
7097
2871
7451
7102
6122
3647
8216
3861
8789
2378
1116
2714
14
1020
7731
5729
4243
290
5554
18
3662
2221
4141
7325
7915
4554
605
2465
8350
5517
3061
433
1692
6562
8387
4371
6224
5190
3835
7944
6314
783
346
734
1048
5806
5961
753
6201
7037
8364
7290
116
5488
1083
982
9175
4749
247
3335
2733
1655
6771
1655
8448
6398
8447
4025
9974
1953
5117
6451
7575
3708
30
9741
9171
5140
1636
6794
9270
7931
5521
8618
1232
8461
3363
1078
724
5804
9259
3029
8900
1834
4346
4039
1842
6338
9761
7974
6526
7028
3215
7413
9549
533
5178
5496
9770
4346
6114
3778
3566
9748
1223
643
813
6008
881
8375
7473
4346
5815
5656
5580
9952
4770
3980
6974
3660
6844
8318
9220
2182
2464
7288
3982
4410
7068
9384
6373
5486
3564
4099
2742
873
4367
452
858
1575
2910
8232
413
9515
9400
3367
1065
6500
7229
8036
6476
1996
9857
3434
2717
6786
8966
6260
6767
5227
8618
1278
1494
6349
3885
8914
7478
6491
2566
5790
2761
8808
5207
9247
3550
8007
5909
2993
9891
5682
2366
2321
2145
7486
4527
1521
5656
783
9937
3901
5640
5325
5188
6836
8067
3906
5966
5435
4876
7601
2246
7040
6266
2448
8461
3057
25
5517
9897
5861
9864
3964
8926
6975
9470
651
3423
3224
5166
9570
5754
9559
6343
2543
3022
5014
3299
7435
6945
4170
5835
4420
430
1782
163
1065
5329
3343
6286
8232
5106
430
1884
1118
7213
8996
1616
3976
5993
7052
3
9566
5140
5563
9604
1463
734
4177
1204
7317
1294
9306
524
2848
2961
2768
4766
4627
5111
648
1095
6827
8618
1464
6453
9258
1583
3194
9837
2604
2515
3132
2681
7839
9410
3819
3483
8932
9809
6838
3982
633
8762
4555
1575
8875
7843
902
3623
6491
9601
36
8461
2205
3805
9544
2240
9120
6391
4876
8350
4664
4702
3797
4903
7680
124
9494
4518
6868
6433
5696
5299
9494
1701
9937
7810
6979
8146
6064
9735
2309
7928
3782
4163
4742
6151
8673
5804
1569
2116
7037
5206
1661
529
8047
8751
3887
4216
3106
5544
4021
9315
3019
7156
2354
6452
1140
4697
3553
7493
9487
8998
1383
5795
3847
3091
9824
8255
9447
6947
8309
4623
1421
1052
7843
4410
1176
3526
649
6336
5754
4569
2917
5163
4576
6239
24
2057
2873
3044
6599
7329
9869
5906
9937
4656
8802
1692
4956
9159
7887
313
7449
7692
1909
6702
3445
7876
7284
2790
3238
1496
9615
2099
8049
3564
1318
9359
4188
1048
2742
1578
927
2993
341
2584
4359
5993
6105
3395
3315
4087
3209
7942
886
5238
2333
4243
60
6511
802
3153
9565
2258
5300
4717
1378
8455
8966
5705
3899
4969
796
6483
7894
4307
1884
1138
5711
4443
3758
8955
7254
5689
4238
6857
6887
8301
4605
398
6108
2226
2246
7945
3155
3527
4544
9430
9920
9001
9543
2714
2453
2681
4158
2051
3982
2774
7777
4188
7538
2652
2783
2210
7911
9561
1494
3443
2210
5218
8158
7068
3529
5158
7097
7601
1944
7359
9665
7118
9404
1215
3922
7726
1042
3927
8405
7781
2982
9738
6141
1884
6043
6717
5045
5608
3661
259
212
6888
7290
5993
8826
491
5821
7440
3098
2476
2846
9595
1792
9347
7037
1708
2552
5966
8122
236
971
514
4810
6476
6231
9316
8216
8307
2048
3174
5489
8396
9283
8438
4760
854
6652
8155
2829
4631
7
1151
7690
6300
902
4764
1782
7495
7290
4316
4281
4420
1053
8263
225
6627
7825
3271
121
4087
212
4469
1016
6621
292
9407
3230
636
5368
2441
796
3882
6967
9708
8780
4092
7251
2122
9764
1042
6975
4141
826
1989
9493
9712
4307
8212
4631
3037
4717
8068
7880
124
5964
4080
5578
2785
4025
9009
2302
7575
1078
4017
229
8981
7700
5892
1652
2740
4303
9398
4269
5680
3153
5480
1580
9452
490
4015
6047
855
423
6457
5728
41
4153
6106
6250
1866
9637
3186
2543
9477
9568
5193
1182
553
3260
8344
1234
9614
1521
1646
7525
2512
8751
8996
3474
9370
8830
1558
2872
7391
5938
4898
7678
3023
3400
990
7200
248
5496
305
5158
5206
2510
991
6360
2783
9641
4703
9286
5182
7411
8450
3738
5044
739
3238
5843
9068
5168
9259
1620
3874
304
6209
2220
8998
389
492
6864
1951
9164
7700
9513
1994
8328
5140
1494
189
640
6110
5815
9385
7542
5230
1909
1916
2085
1691
8116
9857
8788
3889
2801
6717
9439
1619
380
5580
1223
1619
7564
1479
8539
5605
3958
781
65
5467
375
2592
8339
5512
5574
3186
9411
100
8872
7610
1620
6913
1497
9771
4202
2443
2742
2172
9736
9478
436
8814
1663
338
2160
4448
9658
5145
3886
5840
1773
6193
8379
4216
7449
9031
8299
2604
2986
9221
1101
6761
9262
5488
7781
5835
6345
5126
84
4337
6153
5960
9101
3191
3102
8120
2365
672
578
7127
7251
1078
422
6799
7747
2016
8151
4132
7578
5231
5920
348
8107
524
1274
9796
7731
7608
4059
1527
9823
6646
4500
9882
5044
973
1349
9069
9300
7156
6457
2138
9328
13
4685
3950
2370
3484
6366
2894
4782
116
8777
5477
4522
6286
8091
5392
3735
8151
7197
8364
9891
2557
6621
1599
7614
8169
7476
124
3426
5932
649
6051
5873
1311
9316
2327
4836
9568
9542
1372
3867
2498
3260
2178
1992
7973
3723
1768
141
8647
1866
4410
4758
6461
6981
6025
9264
8415
3087
6709
197
1854
5648
6409
9639
8475
8224
4085
9566
4871
7986
9936
2400
1355
4641
4742
4441
1885
7440
1580
9756
6239
4434
2055
4866
8420
1006
2008
4033
642
3191
4685
9616
629
5690
8737
1437
3890
2978
8450
9952
7552
8628
3886
1454
8791
3091
9452
8415
9247
5361
5127
3598
2093
8824
2568
3431
3320
4182
7404
1216
5145
8473
8954
8782
5921
2681
32
7141
6349
1516
5736
903
8835
6105
5711
2140
1825
5336
9960
7391
2794
961
8856
6981
7456
1274
8458
9568
8042
4874
4140
3858
3426
8700
6292
728
7872
4434
5780
6138
7713
5460
2070
4887
2842
5119
9469
4658
157
2389
5711
5684
8695
1974
9031
2326
2153
1661
305
7363
6980
2148
3538
7184
3856
4397
2846
4551
8728
2633
7493
3625
2645
65
7296
2547
4857
9130
9264
4222
7695
8971
1485
2918
4764
1078
4947
6042
4092
2266
2037
1936
8307
4168
7661
8802
2024
134
5428
8420
676
5660
2774
8430
6746
5578
2794
4081
5517
3665
5680
7849
7084
412
740
2031
3778
325
2493
7213
1223
6967
9639
4551
8971
8242
75
9433
7921
7835
7657
8739
6952
5920
4866
9001
5832
7816
1006
3269
1656
8788
6530
4963
8595
4502
8879
4188
860
5034
4512
8012
5428
7842
5739
9988
7849
8261
5247
9363
9262
3603
6621
672
8155
9328
6136
6828
2211
9117
1319
2338
6094
2680
4831
2019
5736
8628
1053
9345
6530
1168
85
3958
6411
8319
8475
7726
5891
6387
5207
3546
973
7999
3363
2679
4271
5868
8776
126
2260
9595
2955
8655
1787
6202
9421
1936
1116
9943
8647
3526
7360
6019
7939
3272
3152
6185
5499
8595
1052
491
2138
5392
2596
2233
9462
9642
2205
6008
8285
2180
2467
8923
1181
7473
9052
4163
6433
1303
6508
259
3022
7137
1589
4674
2302
9040
6827
6745
8257
6846
1438
8041
7047
9316
6262
860
6025
6856
8424
9910
2408
5830
2958
7600
4964
4443
6656
9563
2321
6602
3718
2145
1778
7849
274
937
9325
2424
5349
426
2215
2901
7477
822
1529
7946
105
8179
9259
157
1442
4239
1854
8424
359
2946
7064
8284
4485
1572
1479
868
7200
7027
5119
4742
8514
4443
341
833
6064
3127
7694
2742
5238
9218
9252
4359
7436
7889
9313
2254
9567
7953
9136
3055
6220
7838
4648
9202
8676
988
9479
9550
3393
1417
4126
5054
6652
7096
9658
863
8150
8582
3526
7899
5820
1446
5247
2461
9270
8514
3592
2297
2978
8291
7946
7654
4703
5310
9869
8730
290
1845
3434
200
9957
3075
2673
7802
7116
1889
2956
438
2294
1222
8403
3264
8214
8981
7185
7854
5375
32
6827
3393
9892
1696
8056
1946
1318
314
7909
2197
8104
5690
3314
6059
84
5300
7810
7047
8725
7626
4685
3464
5053
5698
9337
8351
2333
1580
2152
5318
3174
3661
2961
4738
8670
4947
5332
5172
92
4189
2566
4843
1438
3886
4482
4083
8900
5483
5159
5207
1778
7953
3790
2333
5868
8673
4595
4956
9102
9583
9214
3948
7496
8383
8890
3885
7043
2272
2361
3964
4990
2633
6491
5575
5885
4593
4731
91
1131
1036
2238
1036
438
9391
4053
9422
6600
7678
1224
5443
553
1320
7762
8254
1131
4405
9329
6683
7174
2717
4595
9191
338
268
124
4585
8573
9140
5393
2309
3395
5299
8327
3032
1577
4647
3634
4371
2278
4674
1953
8468
8318
9433
4249
4154
3805
6834
9775
1611
8695
436
4144
1271
6343
4126
8730
3906
5032
649
8044
1464
6094
4105
8996
5553
9051
7046
9316
6771
9469
2909
391
1159
2705
2107
3224
212
5863
3882
4646
5129
6511
309
3995
7319
4810
37
9195
6838
8104
4202
4222
7493
8405
1289
2467
689
4289
9568
5615
7102
2657
1215
9506
6092
9712
6652
3621
6542
5283
4666
7998
3909
6266
5206
7027
6888
4396
2994
1756
3260
274
2495
1410
660
7668
9452
8368
9328
9286
4239
5480
1299
5014
6323
5005
8896
9329
3754
6201
4745
8954
5361
118
8847
2584
5349
9820
6141
6510
2361
7820
6391
9932
8135
4792
5626
9088
4874
5816
4771
9672
5231
114
6725
3025
6908
3745
9827
815
9501
2703
7035
8301
3157
1516
115
9565
2033
7588
4874
4674
5034
4544
2048
5890
2419
3754
1430
1965
6131
2920
2596
7116
4317
5885
4279
1646
4469
114
4664
4557
4332
5736
4626
531
2953
9565
6430
7238
860
6838
1866
3320
9694
9972
645
2704
8995
2754
3880
4743
4834
815
3884
9827
7212
7654
5053
8121
9470
6539
9309
5679
3714
3643
5486
2335
4926
4390
923
6709
5627
7690
8900
2584
9741
6292
4006
1878
251
25
1616
6868
1487
4077
4738
4247
4685
6967
4781
276
1747
314
9965
1386
6534
1061
6476
4937
373
1289
8780
8411
6812
5473
702
3397
9478
33
8688
8739
4631
9309
7286
3209
4866
869
1379
7286
6886
3529
8254
8538
6979
291
2592
3493
8081
9325
2148
3424
4990
4032
6850
5679
7272
5148
656
9407
8366
4738
3289
2809
9270
9748
9703
2206
118
7911
4587
9263
6255
3858
4511
8802
6806
5655
5477
1053
9160
5165
2422
3526
9736
4953
2954
6429
560
3754
8682
6387
259
3594
7665
4764
9286
6201
5324
7208
1742
6299
8805
3175
6092
4452
8486
6436
1783
4405
7219
4396
6257
4659
1616
4717
1
1118
8162
7474
2592
7179
9245
5512
4143
677
6924
3473
7071
6607
2176
2272
1679
9920
8179
615
5698
8110
3503
4749
7495
3271
3814
9881
5912
5973
6515
6404
8130
636
2012
4443
36
4458
7309
4993
6021
1571
9452
5496
7297
4831
1053
1391
9833
6745
2745
3995
8277
6405
5876
5537
2098
4964
8366
6427
7478
7229
6231
630
8591
8997
5081
689
4717
2842
578
1010
9777
4443
1773
6286
7127
734
5863
3130
4092
9309
5346
1885
9635
1498
5890
991
5563
7690
3867
5483
8445
6542
1852
278
8519
4809
2600
1301
6525
1195
1795
2309
7606
1706
781
8402
3272
6108
9583
2845
3978
3238
1181
4664
9146
3474
9760
391
8076
304
2380
154
9170
838
3209
5828
2458
1827
4597
7145
6043
9941
3512
8403
2579
2724
3027
8216
1180
3279
5728
245
6015
1082
8396
1994
4628
2366
740
7831
9241
2254
1827
3899
8596
3110
5761
9697
5689
490
7887
6389
8067
6138
6061
802
4765
155
7759
651
7076
1437
4514
2037
2937
7889
7227
6569
2380
9696
8179
6106
9657
2586
9243
6629
5843
1583
6650
4339
5137
2211
5627
5595
6988
5820
2954
8313
1951
7680
7469
5938
2186
7434
7759
2772
9141
2439
9479
1900
6092
3147
1436
6260
7337
1372
2153
2619
1320
9563
806
2986
9439
6436
1700
1828
7496
8751
7713
9025
2997
3305
6315
4650
4838
8145
6384
4937
7463
3386
7760
8151
3085
4317
8324
1488
2572
8307
3822
1268
7932
3093
9128
2493
6480
4628
9051
7601
1446
5821
746
6886
1650
1463
9503
5140
3070
7668
9214
8218
1572
5802
1928
8396
7344
6405
2254
5917
1519
1860
8546
2299
5120
7052
8116
9334
3958
2681
3996
7849
2781
1599
7454
1619
558
4242
5966
5263
6988
7931
8791
236
3439
9397
9386
6208
2781
8118
618
6452
5818
4947
1568
6649
5415
4279
6913
4626
9179
3996
1315
7626
7455
9400
2127
8701
1301
4337
6259
4605
5626
9453
6732
9120
3474
5328
605
9328
7137
7516
7678
4163
8663
4468
6637
205
8420
3559
3621
5500
5197
4233
7933
1210
5726
3055
813
4957
740
1157
2771
9052
5117
7329
1619
6895
2493
5579
1204
4433
1584
8802
2127
5989
2475
7472
6114
7393
5801
3731
2448
8966
8884
1509
2515
2717
10
3847
3157
375
2604
8364
3519
8425
6245
4307
7698
9855
4948
9770
6603
6732
536
3962
2752
3232
3306
2765
7096
4638
4820
1267
8042
6028
4068
124
8056
7825
1274
4024
8173
4025
5857
37
8364
499
7684
8379
3415
5690
6286
6183
5411
3032
8177
5930
607
4761
8319
2499
2226
2055
7027
6485
1349
283
991
1555
2994
2644
3461
2991
3754
730
2018
310
9117
9026
2181
1070
7876
5739
8168
6305
8052
9526
8469
251
2716
4021
4585
3889
7911
9764
6067
4307
5811
375
6640
6154
205
5655
2711
2577
2265
2835
1900
6997
6241
711
2644
8718
8281
4025
869
982
37
5656
5336
8864
6842
5496
2839
7181
9220
1315
1159
4039
7447
5541
6930
5773
1386
9400
9154
4592
9528
2747
6930
4874
1575
1189
1852
4957
7552
5477
2334
8633
1004
7892
2251
3424
433
8196
8531
1874
5010
2319
9742
9867
6844
4068
24
8316
9666
7392
1815
6300
1624
2015
8651
6138
8702
2101
8753
8859
2563
7716
2566
6049
5796
7123
9218
3792
2946
8081
8657
8655
7253
8998
6867
6556
7166
1486
5227
9891
7794
9509
3521
7325
9145
9284
8816
2563
873
8695
7536
4440
5803
7499
6135
1257
9316
8805
6710
561
9695
9672
3623
9270
182
1485
6030
2773
7453
4695
2498
3374
2495
3917
9855
8970
6043
5537
8218
7317
2400
1024
7409
3880
2019
1099
7829
2829
7185
7474
3553
9937
6386
998
9039
7564
6453
9775
8444
1927
7504
9130
6967
6651
2691
6539
1839
676
1599
3964
8619
2993
651
6453
5803
6409
5108
2651
5465
7010
6469
2741
1904
5276
9031
5540
642
3754
2289
2107
754
1024
3324
5835
9776
6495
4126
4105
6478
2993
304
6328
2889
226
6930
2679
702
1630
5741
5642
5325
8017
5247
9120
3448
2004
2703
2333
8788
7381
7461
3418
6246
3418
5621
2801
6799
1463
8290
2253
6574
4783
1764
4080
6569
9135
5983
6478
6480
4876
2691
3216
4234
8554
1533
8560
5820
204
9217
7047
5689
5824
4990
923
6051
4382
1550
2417
7973
8309
483
7272
9725
797
3241
3895
7667
8695
4374
51
5300
4381
9994
2741
6225
5681
3078
3533
335
765
7694
8908
1093
1510
3814
7425
5859
3328
9478
5320
867
3739
1001
4077
6490
1580
7932
5283
4569
1773
8922
2422
3592
8805
8810
4397
4414
6105
8173
2209
8359
8396
9420
4442
536
3863
2016
9852
1118
4695
5469
8452
8934
4034
5772
7762
8936
8701
5362
2424
2289
2465
2380
158
4442
1619
205
4780
8771
3130
4651
6696
8364
9817
7406
2365
893
3240
5409
3159
5754
100
5145
5931
3019
8400
3665
5156
4664
8459
4354
3084
9130
4568
259
1588
2547
7093
321
8530
8014
9570
6089
902
8204
5694
8411
9064
3915
9837
7939
9948
7552
7968
1268
9350
9581
5342
4373
8900
3623
7208
1922
1808
7478
1549
93
5723
2330
4605
1156
2104
6461
6049
5728
5182
1473
7227
798
7728
1466
8856
315
2461
5205
3897
3806
5368
9900
8107
1355
4021
3865
8901
3916
2226
1961
8224
7574
1466
8835
2103
6551
5351
8747
6183
1233
8838
4638
6439
1768
3825
4105
290
6241
6337
7508
6201
860
1410
2927
7013
1941
9652
3805
1884
9923
1837
8596
8730
7650
5565
7760
9154
5119
5148
8830
3224
5912
4691
3018
9221
1616
5911
7392
5168
1159
4189
5933
2917
8596
6038
6425
8759
1922
2051
9284
1847
5162
4219
332
8242
1711
3380
2594
5517
633
1884
9024
234
575
3084
9321
2411
5010
3171
5931
314
134
3897
746
9817
6570
9141
332
5053
6088
8931
6728
5554
3559
5243
688
3194
4410
2333
84
1632
540
9129
5427
2513
8355
8926
356
9286
4761
4940
3306
6508
3296
6360
1487
1953
3520
2234
481
9477
2422
6158
6114
5349
8531
6103
910
2177
918
796
6828
3380
3521
3662
2873
4871
277
6451
9407
122
5818
1928
238
8684
2145
2870
8106
8403
2905
625
9727
8864
3406
3391
3613
2430
4047
4208
197
8415
6586
8023
9439
3437
2381
5840
3262
8995
1705
2007
9941
5218
4695
7882
3982
1905
2871
6856
561
5654
7835
6212
3167
7085
2816
2927
7777
9813
2176
1926
4455
6146
3162
6411
9542
1104
3791
637
3891
8777
8718
605
730
5633
5543
8489
7776
4221
1760
9265
5486
782
8968
8106
3744
3318
3326
8014
9895
4898
7225
7477
6945
8112
3542
1659
1555
7145
468
775
2628
6865
6191
9218
3339
3224
973
368
249
2569
202
118
5660
6106
9818
7854
6455
1583
2835
8419
7469
2124
3698
2889
8734
2657
6890
303
8486
8551
7812
4898
9098
5696
3861
7911
3665
3128
1974
6984
182
7742
8285
3142
909
8150
4242
2198
2679
6654
1540
9439
8160
8121
9323
1527
6408
3976
8257
2234
4458
1580
6208
3461
2320
6904
189
994
1177
2550
4067
5165
3350
7356
7723
9595
4429
126
2013
6030
8619
7331
3426
2131
5709
8150
9262
3326
3895
7453
9487
7399
642
1917
1700
4077
8043
6510
1752
3489
3871
6948
7971
1311
7363
7228
4035
6755
34
5401
6890
5695
2419
5625
775
8525
8445
2684
6850
2704
9561
2874
3025
8598
3922
8711
4812
7243
9110
5553
9148
1153
8116
5275
1828
4644
3895
680
5679
1041
7670
269
5853
711
3066
8137
4702
4773
173
9286
9853
1777
1473
1540
3202
433
3205
9988
2933
812
5384
144
8364
2345
8616
34
9561
4729
9830
3372
3243
348
189
65
6836
1661
5219
3335
4185
6670
4144
2848
8553
5496
7342
5100
6767
7810
5435
8936
9469
5147
2783
9252
7434
9220
5091
8177
7999
7337
7083
7434
6067
7819
9634
6599
9398
3724
7708
4034
2474
7093
5817
1572
9853
9220
1132
5140
4834
7478
575
5989
1081
8034
973
690
8587
8781
3621
2293
2930
6454
9021
6375
4876
1322
9217
7800
1503
7841
836
2178
6908
4878
4359
5711
6552
6436
4685
557
6081
2272
4323
1589
5630
5263
3882
7146
7316
1527
1204
9080
729
7318
560
7512
9306
6904
6042
8340
8364
3708
8768
8376
4504
6427
4630
5328
3320
10
4742
3986
1696
5115
7919
7454
7039
9770
1701
2098
2176
6729
3843
4388
9373
2138
3197
6977
1906
7261
982
3400
7107
3401
8889
6675
9810
8572
7762
3621
4624
5290
6746
9697
4482
2373
6043
1361
5135
2353
1828
1189
114
2875
1206
3325
8978
4512
7419
3152
3229
3714
9384
6640
5575
5830
6944
9146
5512
7983
1024
3293
7932
6424
8420
4804
7172
3167
4674
1778
6109
4034
2004
1787
9801
8788
7726
3123
4213
6226
8676
2512
1101
1506
9154
6003
6785
4057
5884
8736
5657
1149
3326
9245
7588
5036
7116
1519
5741
1176
640
6722
5243
8087
8257
5366
8791
2748
7536
7463
4185
8901
5821
7405
164
5526
1322
9420
1999
7136
9016
2499
1159
8036
9375
2958
9395
1851
564
1298
3661
7426
3797
2738
6038
1509
1792
1189
8385
5328
2274
3326
6726
3229
285
1932
3350
9610
2758
3847
2584
7010
3463
7504
826
9129
1581
6185
9957
2967
2961
694
283
3838
5234
6429
607
2068
7084
9478
2985
2812
3012
1184
8038
7473
8145
2592
900
6019
6448
6108
7037
6142
9487
2208
4920
9852
9328
3531
8438
118
1863
3318
7591
8639
8936
356
5830
1274
1267
4126
9350
2003
6139
781
1756
8315
4202
9695
8444
9727
3714
1312
2704
651
2234
2001
9762
1721
6890
3646
2418
1706
4410
7780
9863
1131
7465
3884
9891
4708
7207
4758
7946
5231
3880
6110
5695
7574
4659
6266
159
7542
1383
201
3895
2772
6804
3215
2872
2716
9938
7136
7776
7069
1169
8866
1102
3153
2370
7123
1528
4419
2353
6645
5088
1
45
4911
1524
5672
2756
6600
7698
8158
3443
4035
4168
6751
337
7083
4903
8445
7675
7639
3413
2381
3871
8663
4238
2496
8110
9314
4587
1917
5324
1324
7342
66
3439
378
3123
8872
3962
8214
9641
3474
3271
5636
449
4568
8791
6477
8699
9900
6698
4019
1706
9026
529
163
3959
8364
782
7498
5346
7889
978
1517
6154
9537
3423
3865
6699
7306
2236
6203
8525
9561
2801
5930
8277
1575
7678
5045
6266
5723
9566
4853
8134
7627
6016
2277
1656
9760
985
4433
6539
2958
2366
6386
7615
8856
6674
5657
2575
9392
3139
4496
9709
9293
7708
519
8890
4703
1391
2512
522
2910
9736
5014
4638
6831
5677
1042
2986
1704
4641
298
8001
335
8154
2037
4144
5761
9243
1569
3538
5392
9084
9393
2178
4434
6345
6943
2389
8610
2913
2050
8554
3662
2467
9510
9957
503
6873
4594
1583
2768
6015
7027
6659
5885
7919
5817
4980
1497
8946
1589
4797
4866
3400
9810
618
8403
3950
2373
8604
6034
2
165
2141
1278
9347
7816
1889
5863
4672
5994
9733
1147
4857
515
6866
2575
4790
5605
3228
4214
7388
7450
5674
3106
4876
5324
3655
8339
7900
8970
3261
6419
3413
2359
9595
2013
9332
752
1636
468
5682
8313
9168
6287
1875
1778
3585
6867
8104
2901
6777
2085
3805
9258
396
5117
6076
396
6295
5701
9274
4506
6695
204
6236
5091
9509
5448
2762
1999
9217
8315
2909
9711
9639
2110
2933
183
5149
2986
2240
7585
7609
5730
8405
7148
8970
7456
4095
2937
3329
7454
7475
2063
6516
6165
5885
6945
8866
6245
6978
7322
1595
8442
9718
3106
949
515
3548
8076
558
3413
1014
3132
9527
6836
9985
42
8223
1219
2365
9863
6627
4446
2212
4337
8195
5359
3550
6291
3279
5300
5411
1855
7938
9953
4731
2234
9277
9712
9424
3439
6345
6591
9245
9505
3025
9772
7620
951
6604
876
452
5050
6696
413
5796
2846
6372
6728
3251
7069
5262
9129
1466
8374
5783
4143
3978
5118
251
7078
6076
9881
7096
7820
7179
9221
7654
2483
5510
3247
4919
9708
3553
8387
3542
556
4358
8917
8579
172
4595
3027
8001
8310
5144
6066
7820
5283
2596
3565
990
1777
1555
9314
5627
5703
4591
4447
6868
3235
2236
2581
8676
4701
8869
6337
5144
1271
6666
1963
4947
9784
3886
9610
9395
1485
9982
2714
1770
1704
3009
2550
9084
3758
2790
7704
8875
7694
1769
7027
1558
1576
9009
4337
368
3814
2211
7013
3939
4942
900
2918
4207
6559
7445
4440
5991
9133
8816
8665
7024
1430
1792
1516
6701
1410
5234
1180
3718
2719
1850
240
7284
3548
1711
2277
2304
4863
3174
1753
3887
3764
7690
6735
8810
2600
6429
3369
9455
5861
8904
86
8284
3927
6659
9312
4269
680
821
6444
1271
5918
8716
4378
4027
5991
5912
3294
9277
7846
8917
4207
6415
7608
6736
6612
1229
3865
259
680
8377
5973
9724
9596
4239
2750
1296
4515
360
2062
3305
5769
6476
6427
6052
1206
6703
8118
7253
8838
1583
6403
1027
4064
1837
1436
3950
4404
5801
6774
8259
1190
4601
8525
3480
1355
1001
9189
1777
1219
5149
9929
4512
4115
1123
3085
7003
3738
4455
2688
9769
2247
7770
2744
1006
1695
625
7290
2292
2127
4952
9890
4210
1195
9937
7484
1048
1089
5830
5159
550
3056
3097
3012
8065
8254
981
8973
821
8037
9711
8990
1010
1898
51
2181
1887
640
2476
543
6122
3886
3871
1656
4801
5776
7611
4013
7996
2321
8859
9345
1157
7932
3489
201
368
7121
1464
3175
302
9733
9432
9031
3019
7974
7148
517
4834
7703
3565
8716
8556
3190
7786
8884
2461
6569
3062
2842
5918
9669
2338
7508
9362
1074
34
6141
5917
3075
8098
4646
2850
2292
8598
4985
6091
6396
5563
1419
4323
9972
8245
6844
1618
3297
9957
4414
5567
2529
7136
6066
3051
8244
8281
6197
1284
6534
3087
9161
9294
8485
2550
9421
8917
247
7017
7152
9609
4701
3414
4553
9384
2930
9306
5567
8145
39
7673
4165
1575
2839
7937
419
7855
3783
1887
4753
8736
6655
6409
1773
307
7979
5889
9009
5234
1654
3049
3387
4247
5163
4397
8291
4291
9938
955
9331
7902
2927
3353
3697
221
7633
2959
5115
6000
7757
5963
1346
4830
4013
645
6542
2905
7959
6231
5100
6246
2377
8445
1104
32
8024
1205
9165
2505
8859
1464
3012
9452
51
8169
6539
9851
9077
8847
1825
8316
7582
7293
9270
1627
9334
7876
8651
3583
2619
6372
4956
7319
4555
3293
6415
9159
4630
2230
5718
2872
8014
4994
9895
3219
730
1262
5889
9393
1159
8162
9914
8785
2029
2292
4599
6941
338
5234
8510
9953
9773
8911
5137
2664
2053
8154
6138
6019
4290
8444
8795
6586
4773
9528
9914
2781
6337
4518
1620
7776
8263
4874
5172
6059
8339
2521
6138
1463
3982
840
4619
7040
5802
8218
3296
3190
3724
215
6830
7705
2419
4404
2055
4091
2516
1600
5276
8435
3100
4085
5118
2320
6239
8991
6798
2464
3037
8396
891
3197
7016
2265
2744
9078
5143
4664
9052
3275
91
3879
6767
7304
323
7121
8316
2422
3189
2421
2289
1014
1435
291
7959
6469
5137
1852
9516
5040
1735
2651
9259
4766
4039
389
7747
4789
1170
7960
3215
8795
5327
40
1577
9222
2774
4099
7682
2727
3362
8254
1636
6948
7847
7854
4764
6698
6831
2254
4659
7611
8880
9596
236
4384
6819
7013
96
3885
3838
5699
2982
3428
7137
7148
8281
1704
8923
9466
8802
1088
6144
6046
2762
5633
8978
9191
8216
2584
574
8149
1068
5477
7123
6998
2736
1946
7254
7414
8392
5396
8791
455
7137
782
8832
2141
5106
8866
778
269
3720
8729
8275
4544
6912
9323
5593
6354
522
1115
7321
1602
931
1772
4254
6372
5135
5752
914
2299
133
9147
4794
2343
5648
6649
1904
1550
7461
4249
2297
5047
5063
981
2336
4836
6627
3085
4923
1404
7845
8776
1730
680
4919
557
9229
1196
1772
7724
558
4878
1251
9393
3516
3759
8320
7059
1885
8036
9880
1464
8866
6604
2247
7775
7678
1196
1904
2633
3856
4447
1576
1513
3553
4297
415
8608
7184
2959
5172
2037
7650
1224
6342
3809
3128
288
6245
4515
3858
8801
8054
2112
1923
8065
7253
2884
8877
6883
7383
8325
9040
1417
7931
6478
1896
3363
8896
7616
1650
9505
618
6879
1769
5029
7749
3902
5705
8093
7408
5262
2761
4857
6837
5256
1438
3512
5162
6641
2833
7587
8732
9952
3132
5047
4017
4201
2744
415
588
5922
4027
3503
1233
4859
1115
159
7765
2959
8943
4760
6052
7953
2889
5462
4628
5547
8531
1916
8204
2186
2684
5653
1707
8044
1284
6646
3523
5515
1571
4557
1181
7993
879
4765
4286
4873
5821
2209
4940
1034
7960
7172
5771
6515
8333
6645
5983
3181
9347
4770
836
7839
2
4305
3531
4210
3410
8451
2289
7899
3542
6367
2918
8201
7118
3061
1098
9362
2644
720
1549
8815
3727
2887
4683
7633
7960
3167
9648
730
5843
5817
949
2717
341
5366
5890
7716
3618
8711
5448
2211
3651
8017
1104
6723
902
9824
8014
8003
2557
3886
2726
4693
3850
944
9367
4329
4331
3870
2500
4726
8858
8364
5888
4067
1654
7465
9549
690
5625
6257
2563
8689
9424
2651
3100
7409
1852
7247
5255
6091
105
8571
1764
8303
1445
1488
534
1492
3503
7843
193
9026
2008
9455
6411
9552
9735
1413
8541
7918
6330
9646
2178
3709
5415
3608
3325
279
5280
927
7234
6282
8493
5890
9355
8118
5796
1550
1279
3034
2077
7909
9025
8479
6691
8856
9797
3855
2188
1994
8478
2875
8771
1419
186
9793
3295
9625
8781
6290
8680
8173
5510
890
5244
5384
9330
2039
833
9700
6812
6651
636
8254
5684
9331
9317
7190
8879
4113
8056
7181
9035
4185
5636
7907
9948
5227
4663
8091
7388
4989
891
2794
7801
7395
9614
6885
84
7214
9469
1807
2371
9673
9895
5688
6016
6091
7590
8971
9811
146
2873
1212
6017
366
2266
8318
8533
2871
9309
5224
4099
701
776
6457
5039
4139
1629
5366
5300
876
7671
6783
5434
4071
2549
9881
8340
985
88
7575
8561
6640
7322
3788
3373
6430
2877
4013
6159
338
1082
7581
4839
9772
4990
4872
4115
540
1983
7770
6699
509
1486
8475
8402
1593
8451
9199
7214
7173
2234
5771
5129
5197
8370
7618
8411
6201
6280
3448
8410
5553
6203
5578
5032
2664
3043
1618
4704
6144
3495
1057
7308
3341
7073
2053
6286
2822
7963
6882
9101
9168
3575
9616
8082
5964
5801
5210
1680
3874
4555
1889
1053
8849
4831
8520
7342
2070
1419
338
8744
8877
3175
7909
2846
7037
6600
479
4557
651
9496
9985
909
3158
6014
7657
9013
6470
8118
1848
8810
7318
5654
7089
1593
8150
3020
7621
2042
9392
1624
6736
1432
3224
1885
4621
5606
7356
6512
2211
7363
4320
9265
1941
7039
7145
3785
308
5235
8930
3044
9567
2324
2512
740
8904
1390
9217
1528
1041
1057
1778
7800
8281
6799
1629
5548
8554
6404
7967
1301
6131
3660
3395
9336
9326
7618
9857
5796
6876
5963
5234
202
2935
9421
7499
5300
3084
3354
6621
6060
6370
7227
6270
5367
7251
3343
7779
8380
3758
8478
1889
5451
6337
3970
5342
1568
7136
3684
8465
3703
1377
479
595
8867
6725
2906
546
8785
3552
7244
706
97
9901
5283
6271
2417
3009
6300
1378
4853
2272
5393
9006
3038
7661
9328
8036
6267
1617
9346
64
4555
9918
8210
9343
3093
5709
8333
9555
6598
3899
6659
8971
4482
6539
6988
118
6680
9673
6866
9837
3644
6418
4423
6967
7502
9069
1399
9492
5922
6136
4819
1569
2378
630
6408
7035
955
3017
1646
9552
2256
1961
5480
8830
2684
8742
891
5654
3739
6080
5140
2966
8908
2569
9195
5635
8869
3906
6183
1172
7627
8450
9973
7860
4612
3764
1528
9296
5124
1466
1234
8021
2277
7947
7414
815
6783
1142
9149
607
6451
2048
5840
1257
9824
3238
4352
4205
4015
9643
8344
430
9519
6908
2393
269
6168
8065
5635
6239
1496
6066
2176
6262
1605
637
8179
1438
7968
9363
7819
7677
6136
5801
982
2110
8299
6291
4866
5135
3101
8869
515
1753
7723
5932
9506
4649
9796
1391
6651
1597
9404
7975
8076
8678
2865
4602
6864
5088
531
7157
4022
6136
3915
9891
6268
8622
9198
6889
7263
7981
6871
7475
8772
7303
7530
648
3510
2411
6373
6378
7561
6819
7379
9277
8276
2698
863
5196
2521
3422
7272
6405
4809
2093
8862
8671
9182
1696
9535
1868
1436
9034
3305
1772
7969
5634
9372
513
1196
7242
5547
558
7595
341
4334
206
3819
994
5676
9074
3014
4653
4585
3034
3749
7214
6717
5666
5761
6320
3555
7153
5073
6204
4810
3499
7963
4911
3279
3806
6408
163
9937
3453
2370
812
8729
9278
6065
5543
5624
1747
1361
12
3964
2144
604
4141
2152
3324
6865
5671
172
6122
3240
7198
7040
2963
6307
2742
8169
4830
8587
3450
8742
893
9220
6203
5754
8595
2614
7119
4231
6999
6819
4960
9384
1023
229
1999
7121
6793
5921
9458
8186
4229
1401
5660
8485
8374
7047
1661
1329
1862
775
1951
4337
9384
1016
8036
7259
3158
1232
6109
1104
7652
2884
1581
1455
6942
5876
8632
7443
4620
3552
2077
8244
7841
9043
5752
9626
1584
6103
2910
7212
1803
2997
1708
1706
858
2752
9892
4448
6495
6134
4965
9748
7887
6403
8930
4426
5243
7184
5141
289
7916
9855
4705
3887
7787
7083
6382
3199
6864
9252
7273
8852
7435
3885
3108
8826
3317
9711
222
7713
9470
7268
8249
7498
1608
9328
3196
2093
3673
1435
5803
1152
3343
8865
7081
8494
8768
9392
42
8261
9493
357
8115
1308
7811
6984
1332
7595
7010
1764
9013
9145
1046
7440
8558
8201
2918
1990
9801
7269
9916
3075
656
5803
4446
3495
1430
4796
7381
927
8414
158
1310
1994
9984
7783
8543
8144
6072
6967
6000
1549
2988
9734
4046
506
9203
6307
3162
6604
795
741
6680
9506
1464
2476
9336
2936
5371
2756
2483
6182
5553
3132
2358
2382
8922
132
928
4958
798
6114
905
2083
5526
3254
2041
8283
7719
4959
9096
7272
1334
8949
7660
5448
6515
8108
3266
6453
5821
9223
4965
7200
8528
8673
7575
7579
573
2456
8102
4359
8453
5234
1101
4311
9000
5690
561
7453
8057
5802
4555
8931
694
8628
4501
630
973
4729
5136
5345
8058
7754
5263
4713
3783
9320
5345
844
6914
1541
3208
9638
8820
5254
4810
4501
3708
2099
1735
1155
7674
9398
297
6988
3853
6676
8298
8737
5342
6560
9867
6130
1657
5219
9890
3737
7284
201
3544
6460
7971
5460
4496
7561
9544
151
2835
2456
2640
9337
7273
9589
7381
7914
4743
1783
1115
6515
5696
6531
1190
792
6046
4808
8501
1635
3515
7060
5785
7321
9852
3189
9114
4691
7942
9172
2577
4939
1885
7776
9273
3426
790
69
3238
1949
3060
2538
4087
3110
6515
6138
9768
4872
4242
7998
4876
6989
6670
1736
5136
7450
3380
5951
3326
4683
4211
5512
9430
1290
3546
2986
9560
338
818
1189
9639
162
6696
4601
7963
4745
4789
8812
8461
6721
6091
9281
8259
2918
9938
3625
4726
321
200
7304
8431
8319
9088
3639
1619
2986
398
18
5876
2452
92
9189
5658
4711
1730
686
3400
7642
3618
3769
6914
9616
7673
8411
6003
779
2700
8012
1571
3092
9318
3400
6409
3009
4920
1663
9738
9952
8275
2284
1399
6145
8445
8728
5636
9263
4143
5334
5595
9523
4898
1301
4228
517
2883
9395
3179
2335
4915
1770
656
9145
1466
1087
6566
1802
8740
8201
7446
868
9674
8071
8680
9036
1865
4923
3512
9222
4592
6616
7776
7296
6988
8423
5240
2902
2726
9943
6139
6483
4819
4821
7500
746
4468
5440
9141
7981
9784
6541
8221
2923
781
3269
3091
8261
7615
3758
9330
2926
9610
6460
7652
6067
8019
4653
1922
6391
2042
5711
3651
2485
648
1274
1308
3424
168
2964
4358
4307
2705
4600
3272
4887
1371
303
9972
636
3324
8702
4786
9863
4812
5390
4780
8378
1620
1315
9950
2246
7741
2292
1104
4209
5752
2246
5201
2783
2908
2433
534
424
2889
2220
3014
1119
9941
9933
5745
5836
1104
9801
634
794
5482
2275
2673
1464
1466
8325
611
9980
6138
1878
9696
3450
5853
6336
8118
1638
728
4629
7724
310
3372
2646
6596
8186
7842
9483
8187
997
5817
2010
7494
5615
9934
5727
6995
5931
5745
1889
2766
9560
4958
8234
7083
2230
9378
7977
8309
7968
3806
7123
7348
2076
3343
6944
1419
8710
768
6453
3061
9914
5016
9393
8303
1074
9853
1608
945
6177
3348
1630
8403
6215
8530
7222
8489
313
4182
7267
7662
2057
4790
1098
7652
9895
1954
4378
389
3146
6984
9660
3970
6305
4909
5036
4219
4536
3906
4876
4648
744
217
8315
5212
1014
4446
4482
5607
8145
9688
3731
7196
5024
4545
396
1498
3645
9684
477
7173
186
7942
2549
609
5041
8946
2662
1329
7595
1108
9432
8684
8352
3852
8303
3473
5456
595
4050
2640
3897
5973
7436
2522
6676
6996
8472
6295
2423
1122
8459
5264
8165
8065
561
4144
40
8456
9103
9455
3972
8364
4495
1928
1340
7919
3861
8212
6674
8016
3612
9946
4808
1485
3896
3339
3714
2676
7717
277
2982
2824
9048
4090
1640
1539
3693
6972
7357
4790
1595
1852
2711
4399
5081
6684
8448
7446
3153
3395
1539
8740
3407
9949
5608
2991
1769
1658
9149
8785
3523
8153
2470
8259
2867
8118
4152
6831
6702
9830
4907
1450
982
4664
4573
7234
2953
9346
4990
8328
359
4947
1558
775
6512
9115
6307
7853
9974
5680
8017
6181
806
3639
8144
1768
1318
7574
2382
8584
225
3233
5884
9252
4857
8230
7787
8407
8388
6416
9555
9589
9296
7724
1783
9314
2238
6478
1869
8968
4666
4552
2299
9568
3211
1954
3823
9268
3866
1701
8087
8808
6307
1584
6541
5868
3332
8877
7652
6009
1705
5646
2892
8108
5640
8203
6491
7918
1301
9114
2512
9529
452
6061
7010
4013
2756
2327
9708
2133
7136
9174
2327
3060
7806
900
3329
8968
3555
2338
6960
2756
7337
6373
10000
8154
3051
5518
4468
5047
9616
302
9994
4682
6014
2280
5905
4273
7846
6416
2892
8310
6178
2669
5207
3592
7393
5452
3604
1445
2522
5675
2771
348
5815
1175
3533
6645
5650
8179
5949
3598
9947
146
5782
4613
1795
380
2767
5841
6938
9078
4291
709
7212
9248
5478
7770
4794
3918
5825
611
1600
8139
1837
9148
6449
9197
7512
7713
6381
9587
3170
6924
9665
9796
9397
933
7065
5543
8094
3171
7024
2880
4766
4144
4432
8853
3170
4585
6651
689
6325
3711
2189
6153
6256
386
790
5144
8680
9855
1689
3413
3936
4373
7222
6328
5656
4180
1546
9677
1839
415
5317
5569
609
7434
9329
9837
3441
425
4621
8356
4221
5262
1173
3093
6005
4576
4812
8147
6094
3417
3713
8989
9779
6837
2219
3021
998
1442
6008
4390
9624
6964
988
3969
9059
1147
5372
2545
5138
4255
4064
9420
4205
7600
1053
7788
1941
5657
4414
7653
2894
979
8785
417
4691
1577
4556
4670
3130
5853
612
7288
5901
5061
4198
524
8244
8197
5836
1104
423
5412
6515
5669
9892
9466
1696
8234
5578
9483
8424
1571
4695
6426
8377
6257
2717
5658
1990
5201
3550
84
8218
7127
3797
2764
70
9731
5666
8450
5334
8442
7073
1629
4791
1961
9289
9552
4133
8207
7148
9385
3902
615
3012
430
9283
279
1390
9145
5737
1878
9329
8923
3629
8802
6019
8381
3441
4970
2877
5205
18
6171
5277
6127
3413
8230
8798
1549
9275
4115
6882
4267
4846
6767
9350
8573
9561
8352
1516
5723
96
5373
2326
424
1371
183
9151
1852
4641
8135
3980
7068
6500
5366
6728
7499
5242
3394
6109
7919
1323
6602
7339
7698
732
8252
240
5658
2260
532
4618
371
3758
315
6827
4957
5055
507
8451
553
5567
8840
2858
6270
9213
1845
944
7616
1438
8093
6289
744
4648
3391
3309
6876
2253
6009
2987
6389
9975
3538
2309
5822
1257
7784
7585
994
7552
481
215
1487
356
5238
6977
2256
7297
5782
9168
9373
7755
226
1917
6701
2144
2761
9258
9765
2231
6255
5073
8596
3976
3833
7731
6515
8035
4659
9571
9974
1347
6887
9395
8789
6745
3044
9658
7899
8955
6139
2808
4238
2568
7296
9638
3261
7064
3406
1839
2209
9430
6908
133
3964
7190
6912
8568
4731
782
2272
2039
2323
2334
3241
1116
2474
6314
1102
3604
594
5336
9184
5061
8200
4708
2153
8281
645
1278
2107
1847
6360
1318
141
3882
696
7979
8300
314
1529
2206
2901
4920
9999
9041
9750
7575
3387
6952
8832
6123
3157
1435
8777
463
4527
4444
3797
8815
653
8041
7888
796
7734
1827
7172
8884
9705
6930
5218
7744
7076
5804
8070
3207
9106
1238
6783
1299
4362
3428
3812
9734
1350
5275
364
4116
1801
3415
246
1101
3758
4828
499
5958
8936
1176
1004
4717
114
8081
8047
2015
7604
9602
8858
5148
3661
5995
7654
8414
8955
7668
5754
8802
4518
4506
6141
2690
3127
