1
1
1
2957
9348
1
4664
1
2957
885
7647
5037
885
5037
885
7647
1
1
1
4718
4664
1
4255
3789
885
3789
4082
4255
3055
885
5037
6017
885
4255
5035
5035
4664
7647
5037
3055
4082
7647
3055
4961
4255
858
3789
2161
4961
1
3055
511
2957
2800
1755
2161
885
7966
7647
8186
4804
3050
2569
4718
9348
1
5035
8289
5934
6347
7336
5035
4804
3350
6942
6023
9604
4692
2161
885
2870
2601
5847
3350
3055
4718
2652
2493
5905
2601
4961
8186
199
6091
5847
7225
6148
6347
5035
1755
174
1199
1651
7966
6091
4136
7966
174
7607
4664
6630
2161
3055
5847
2016
3507
9388
4619
2734
4961
174
2015
1199
8186
7607
2168
6017
9806
2161
3347
4804
1651
3494
8874
1482
4664
3789
4335
2800
8359
4571
7966
4541
7225
2493
6656
4692
511
1199
6086
1482
6858
2842
2840
8289
1755
6404
7647
6086
6340
5583
4619
3786
5583
3350
2601
831
6980
2350
1
858
8519
885
4263
7966
4619
2842
5934
5583
4787
885
8470
669
858
4813
4804
2019
831
2019
9927
1482
3717
2956
4692
1624
4082
5643
5339
7859
4692
9348
4619
8412
94
8584
6086
8749
4192
5643
4752
7336
4300
3507
5905
4642
6656
104
8186
3310
6567
1651
4105
6863
5751
7647
424
1199
3219
9605
6656
9824
5934
4082
6017
4082
4105
7647
8470
1430
2840
4105
7607
3395
4632
3395
2563
3644
3050
6340
224
8838
4328
4082
174
8749
174
4812
8683
483
4082
5632
2800
9824
2149
9388
7647
4571
8626
885
224
9559
1509
1727
4619
207
849
9617
5905
9845
7997
224
2925
1956
3350
2045
2098
9348
6345
6345
9341
4812
3495
483
7647
2652
9652
199
5583
5550
4354
1612
778
6086
1199
778
6632
1052
4263
7083
4836
6630
8164
3507
1509
6744
5934
9652
3913
1426
778
4018
5216
6725
9686
2932
718
4804
1422
8317
568
199
1591
5636
6867
7503
4542
6462
8874
8519
3057
5223
2459
2015
6632
6462
4642
94
2048
6828
2161
9899
661
8730
640
4136
4752
1711
4675
1166
1052
7194
265
4263
207
7604
7153
3099
858
2532
6017
8566
3672
2045
7225
7336
8470
8838
4664
9323
7225
7983
8283
2149
6486
831
6867
6091
7832
4216
4541
1166
94
511
94
2016
6553
8995
174
1482
9032
2945
9590
4279
5216
9052
2956
6462
3913
224
9845
4216
5847
6743
1976
3841
7394
4804
254
5905
8570
4018
204
6340
9032
669
8412
3841
5934
6339
3057
6113
9559
4595
4571
3347
2213
4334
568
5104
8327
4752
207
940
3220
7394
4216
2493
2015
568
5847
9419
188
2563
3507
250
1101
7997
207
8327
4804
5905
207
4750
259
4718
4541
6980
8749
2019
1594
7809
568
2098
8201
504
1267
9652
504
5751
2438
8246
9121
9824
5967
3789
4354
6744
6340
9899
6113
210
5366
785
5952
3458
8566
3672
2652
8954
9348
2932
6632
2264
3495
6828
5665
2493
3004
424
5223
8519
7953
1404
4804
181
661
7966
8570
8164
6321
3913
3395
1624
1166
4787
3424
7621
107
3198
4512
4611
2376
7082
7966
1659
7083
8145
8519
9652
4750
9895
8470
9999
1197
6320
8246
2012
5943
9899
2081
4216
3112
6270
9895
1431
6632
785
9219
566
940
2563
7966
7953
1180
8164
8164
5374
4675
9895
8923
8283
5216
3737
7017
7225
5232
6063
4082
1720
5796
6486
941
1422
7006
3050
2551
1180
4232
3004
5065
174
2978
483
6821
4885
7807
1430
8851
207
5905
5319
3608
1659
858
1569
6705
5223
9599
5905
7617
566
9388
1624
9348
8480
9686
7997
4642
4263
2985
9563
4918
5643
6761
531
7809
1659
3200
9899
3055
4797
2985
6828
7983
4586
6339
2149
5135
9323
6486
9917
946
9559
7647
5689
2270
6188
1166
8480
9219
8145
3439
9861
254
3395
6751
4787
1755
2493
9422
6017
513
7621
4752
3452
4216
2800
3997
8283
9861
3452
3200
6320
1101
6744
1197
513
8210
4812
9330
2860
9599
8743
5934
6086
250
207
6051
739
8683
9240
7890
5616
8210
7604
5103
8584
5816
104
8598
4836
2493
1258
2670
4813
2270
9248
9652
8412
6555
5934
8068
7185
9240
2354
739
8217
7801
1
2745
4252
3439
2925
265
821
9686
8743
3244
3444
6821
5267
1064
8503
3841
7577
1488
2206
8201
3737
2349
6404
8346
1433
661
3093
9926
4279
6942
4242
5905
3214
9599
2745
940
1976
6
181
9323
9393
4232
8246
7966
5135
4841
9280
4018
1183
204
2360
5764
174
4335
2521
1203
2532
4918
5689
5305
1659
2100
7082
9481
4825
4512
2978
4399
6725
4642
7537
9121
1403
2574
9509
204
1554
4082
1266
2207
1569
2350
8970
3347
539
1319
5103
2985
9313
5676
9320
1267
3345
5828
1720
9899
5305
1422
7503
9783
1166
5338
4701
6828
1072
2754
7877
3055
5636
2206
2840
3239
5146
8683
8962
1624
4885
107
6320
2925
6861
5751
785
7748
8131
8164
9240
9313
2985
7321
6761
7569
504
513
5720
6320
6102
1101
9129
6610
7832
2563
8146
8862
8767
2589
8146
4925
8131
4096
9656
7577
2012
2551
1659
2493
1039
2551
3188
4255
1180
6334
1755
9927
1101
179
6955
4665
9406
3310
6980
3786
538
232
9320
7355
3799
8598
6876
2734
2925
2551
1651
7991
6731
956
7697
5104
3839
3350
7890
3997
3279
8146
6270
6867
5796
3861
6567
7202
8044
9587
3244
7210
196
3786
7321
5104
5197
2842
222
642
8201
2396
4077
4695
1422
3969
982
3444
8862
6567
8439
7867
9341
5104
7832
3188
7158
1720
4333
8202
6992
3301
5475
6607
3644
2534
1048
1663
8699
8598
415
7202
669
8317
642
4055
1258
5565
5550
6462
1698
2699
9524
5565
9688
1165
9180
1823
8626
7730
2831
5943
5847
2473
1921
5216
7891
8445
9419
7225
9585
8439
1187
337
5232
9927
1488
513
1651
4918
