7263
4312
2863
2786
5516
9258
5343
4312
2424
6043
1512
2852
2738
7169
4308
3502
5876
3147
7346
2677
2578
1885
3498
6295
4078
7645
7555
3044
5277
7679
7818
3856
6116
7803
8058
399
7169
6506
9445
8797
7626
7338
5343
6651
7918
5326
3122
2342
822
4521
2117
5677
7346
9325
5156
2894
3518
2578
509
2278
9238
69
4521
2424
8857
7772
4666
5855
4086
5855
751
4014
4685
1692
9604
8968
4324
8809
4563
1240
4232
1761
6340
7545
2972
6740
4446
3345
7063
4544
8058
3498
8809
3406
9942
5204
6506
7169
8388
9325
601
8771
7718
2278
7600
9299
5426
9568
4926
6923
8503
9238
9651
4662
1761
8242
2072
9736
3854
7483
9879
255
3539
6503
7769
6590
2945
5100
7223
5167
5903
4415
6100
85
6131
3858
191
9266
1287
4152
8217
6036
822
8809
972
8217
980
1961
4194
8751
4939
1366
8062
5258
1247
1752
8998
8740
6972
5549
3124
5326
4037
4531
2071
4084
6922
1064
9756
2088
6992
549
1209
9649
1851
8324
2071
8126
1124
6462
8477
6585
6433
2634
1131
9301
312
3669
9934
2907
6039
3549
1136
4935
1312
7453
9132
5370
7197
5810
3791
8597
6856
327
4304
5210
8813
7122
312
6488
7276
519
2100
1482
9634
3639
9569
4074
7066
8341
248
5299
7012
7815
7451
8142
2238
8746
995
639
3680
713
7166
4277
4086
8597
2655
520
1266
7350
8058
5557
6981
399
6054
8813
4613
2496
2971
3376
3350
6128
2739
9672
9421
5100
1005
5250
3516
9264
6410
9080
1106
1395
3791
2620
5125
3188
6699
4084
8022
4918
966
7624
217
8388
4386
4603
8775
460
6663
929
9747
2129
1097
7104
9245
368
8779
9725
4359
3064
7432
9204
8079
7979
8739
7173
2876
1101
7893
6616
1035
5435
1469
8388
4991
7775
4702
7272
4267
314
1654
6691
8600
282
935
2075
6186
2784
191
9441
4385
1414
9594
4740
9229
7545
411
3701
2655
3364
640
5439
3961
6831
9109
7833
8638
2418
2172
5976
4263
9266
6869
5950
182
7442
5156
6536
5198
9168
9164
5009
2400
8354
7039
8064
4350
2783
4110
3442
2966
693
7009
1828
6612
2582
4531
126
3730
8464
1064
9955
9989
5933
4833
8408
4195
8992
2973
1500
4303
3768
2279
8356
4148
2172
10
1811
9567
9421
6172
322
6432
4084
2829
8339
5685
4871
8516
776
4994
8489
9794
4670
4843
7092
2162
1692
2195
3434
8142
3590
3319
6168
4900
6708
6987
1752
7135
4447
751
2113
3356
6526
7975
1170
9947
9633
7874
96
7184
720
8594
2583
3256
6357
5548
4235
8102
5326
7958
5618
5925
3635
5370
109
7919
4636
7756
5624
966
3518
2314
9572
9955
3721
9403
6518
8876
8531
4646
7971
866
5172
9252
6085
2662
9290
9633
1124
7530
8384
6860
8042
8489
3523
822
8416
116
4830
3942
2511
3731
1011
4505
939
9312
3574
408
9013
2294
7316
1618
247
2601
3029
3123
1621
5016
5940
2851
2551
8041
3868
7810
1863
9279
7923
4313
1866
8349
9649
8102
1754
2276
4842
2064
9947
6473
4181
5950
9213
9623
471
411
9117
6190
3206
6954
8596
9117
2659
7707
8107
8525
8229
1771
8601
6575
4562
4416
8891
3674
6610
767
4722
4889
6981
8849
7712
8916
4228
6114
2413
8901
5669
9506
9426
4007
4995
6850
1513
7862
6999
3459
3356
3719
3972
3855
6421
776
7772
8615
9080
2373
3924
9293
5703
120
2655
4147
5632
1594
6356
7304
1934
9314
5738
3942
1008
5220
781
2129
8967
1616
9248
1293
5332
5518
6309
7000
4564
5676
739
6277
1522
6168
5474
4900
8217
1232
6296
3674
4747
7371
2396
8266
6990
2385
9839
2894
7907
4827
2254
8117
8511
7985
6060
6351
7036
1885
7947
2194
7915
4636
8929
8102
5928
8016
6479
435
7156
6972
2086
6706
2702
7936
8755
7728
2805
5263
1936
5902
247
6187
8820
5278
3002
8100
3561
3394
9006
2487
9294
7351
5989
8822
5443
3357
7087
2880
5205
8430
4100
3035
6248
5982
8071
6176
1443
4461
5810
1061
473
8917
7395
9834
9677
523
8607
966
3044
3471
5560
1142
9858
5659
2297
508
6650
7261
3534
4517
7641
2413
3490
1442
8812
327
2370
389
3513
8271
1806
3741
1332
5506
1034
5484
5419
7482
2684
3882
1652
8813
3904
7629
968
4387
6249
7964
6056
8781
7095
6176
5263
3902
9198
4578
6469
5770
3764
7124
688
3185
621
1116
2254
8160
6494
2745
4246
5329
2784
447
8259
2868
2311
5590
3982
6487
8117
7419
1605
5450
6272
6964
3736
4696
4756
8411
4286
6752
6294
3639
1144
7404
7840
141
2063
2665
5532
9379
635
4954
3250
3791
5532
4654
8760
7277
1185
8275
1942
651
9446
4235
3819
2147
1542
7098
8239
3859
1852
3688
9358
8929
5632
3252
322
3853
1943
8419
7837
4516
957
1117
1130
5630
3295
7808
1719
39
3926
857
1362
2373
8763
1334
6106
1110
1598
9799
695
6322
62
3308
70
9074
8017
1040
7437
7907
2998
624
7123
241
5803
2973
3397
8101
248
8386
3064
9380
929
2215
6945
4664
6941
7866
6534
4254
4063
9805
2128
5021
4607
4536
9460
7669
9051
6896
9841
2085
2516
4969
9347
2427
6479
2923
9689
4797
3020
4372
332
447
7840
2581
5403
4597
2126
128
6119
9545
912
519
9414
7578
2357
1754
4266
5020
205
8024
8169
3213
4832
9980
9988
2893
836
7051
5391
8400
4791
7610
304
6834
5403
2325
2199
8446
9411
8807
1119
1166
3686
9124
9387
936
4276
368
6904
3694
2360
6538
1447
7285
1028
8558
4591
2039
623
6194
8897
5033
4037
6920
1710
85
8711
6981
8377
9608
3917
2925
6272
5471
9481
726
1762
1847
1921
6265
1439
683
2244
5832
193
8058
9355
8127
3068
3933
8324
9508
8434
6063
6716
8726
9168
8805
3405
6992
1598
5363
3736
2861
211
7422
4181
8867
7339
5871
3069
5950
4730
9252
6
5584
9049
570
2570
9206
7702
3124
5982
2910
1199
1851
4979
3430
6827
8289
4914
7769
1347
6428
975
9512
3943
7292
8111
5633
166
247
3441
9239
9402
8085
7592
2602
7702
3101
8162
6937
8917
5374
417
985
5836
7818
6322
4134
1050
1885
8349
6414
3018
8742
1321
2558
8299
323
7581
3256
4872
2790
3123
1522
3639
628
2436
3840
2586
1126
606
1642
4200
389
6823
4273
6916
2827
8575
3568
9117
1727
7442
8272
4391
1561
6270
6384
5071
7281
5220
1579
4538
5714
7662
4797
9279
974
3819
1811
4604
872
167
4885
8758
5226
8064
8617
3101
2584
8126
1338
2414
9841
2992
7125
2258
8630
6463
6081
4718
2963
6762
7784
4105
3765
3206
4419
5669
9209
1587
2620
9284
5613
7792
5045
6612
5365
5871
5277
980
4849
1863
9604
6123
7099
2657
8669
4925
2331
5223
4416
7844
9502
411
5280
6844
2243
474
7021
6272
6223
910
4302
411
3938
5618
8238
3602
7095
9916
9228
3894
1491
2225
1590
2474
2024
4223
4477
1237
4807
653
9395
4486
4885
2211
1790
2295
6857
4453
9796
5126
9017
6949
2666
8948
5486
5618
7014
2423
4304
7223
1946
3948
8302
9386
2523
1223
4678
2216
3948
2745
3383
8137
4158
7953
7355
3643
7366
7463
1135
2260
8022
1521
369
403
5872
4520
6000
2285
879
2940
6968
4373
919
1092
8958
2283
3434
1531
6960
710
9498
6726
2141
9007
9508
4095
1674
7453
6666
2877
562
1029
1758
3539
7923
9618
884
8136
4999
3306
568
6280
7613
854
1438
4536
3144
5193
9382
8663
9953
5833
331
3561
137
5347
9299
8553
8412
9279
840
3683
3347
3621
1500
4510
7081
7728
4047
6496
552
9705
573
9986
2934
4812
1313
7550
836
442
8819
4524
9501
8807
7481
7968
778
1360
1237
3539
6646
6406
1489
1349
2971
377
1416
5119
1732
8241
4990
2322
5886
1072
8356
1648
8242
9872
2019
6479
233
5645
1515
872
505
7265
6626
3549
9073
1232
4659
2698
5969
5045
9001
6356
6703
4536
7844
201
2322
1635
587
9864
7101
2598
5234
914
3135
3143
836
9516
3556
1811
255
2768
3621
9868
8327
6315
2373
2005
2613
9006
3020
1619
3360
2232
912
7833
5033
299
3573
6251
8712
8538
5572
7951
2553
8422
7649
8097
4178
8298
1832
4333
9748
651
1254
7448
2572
1002
9057
4040
6239
3391
4713
6430
2216
4939
5018
2180
1740
5338
1160
5582
7236
1671
2131
8594
2823
7702
4680
3461
7575
830
4671
1165
6203
9569
3622
162
2111
4181
3511
1634
2710
7766
3673
6145
9466
5967
912
7098
9587
2967
9788
1133
2788
5567
336
4641
2823
7174
3968
1368
4844
8794
103
172
5008
2346
6169
8306
1762
6452
555
7075
2565
8109
2814
5371
2153
6290
8005
782
1968
6709
5313
8225
9078
4168
8366
1355
8563
7464
5572
5159
4654
2874
6248
2662
9811
4036
9265
6570
8669
6724
9623
1148
4979
5940
8944
4019
2294
9918
7201
5367
5521
9781
460
4523
376
840
8105
6821
408
6994
9563
6769
4166
1483
9118
59
4108
3429
6176
6768
8613
8538
8363
3283
365
3148
232
3374
3968
6070
1247
1557
8192
7573
3648
4877
2754
9627
6020
8808
6157
8314
9947
3938
9239
2836
314
1985
6221
3742
228
2115
7608
7307
7875
8525
8229
2019
3591
9280
7908
9602
2784
8161
1649
7007
6538
8181
6538
5140
9729
6552
9440
3831
5942
7887
3259
3427
9425
8126
3444
4196
120
8400
1504
3963
8981
5071
402
152
6367
1204
602
2729
4971
4388
1115
5560
919
60
6834
9874
7508
8934
3137
1032
6683
5044
3241
8390
1403
5702
5632
6393
8871
9317
7327
4401
3999
5107
1700
9064
4594
9900
7082
9949
3670
1866
4228
1625
1150
1342
1588
4927
6545
9748
5356
1160
8446
5187
5583
4887
1634
4471
2706
9330
6759
5591
5608
983
261
4023
1501
5185
1758
8544
9780
3079
7145
6650
5732
7597
7485
1454
5193
8068
8143
6678
3754
7585
6887
5065
6515
3076
134
6527
3919
5665
7334
8443
1588
9404
9370
7544
4414
9776
7701
1821
9679
260
4604
5352
5571
4367
5198
9048
4780
1313
3003
956
3984
7881
6496
4910
4395
3578
5121
929
9018
3076
4889
5924
6368
9064
2085
4880
8401
7188
5016
4956
8339
3677
5368
9382
9363
1414
5604
4004
9716
8465
6911
428
8302
4553
3388
3229
1301
718
3729
9726
1616
4354
9021
1766
7924
4842
4325
3719
5875
8120
6280
8609
7971
594
8276
9456
2202
4060
5439
4503
4629
3398
2958
1505
7711
5149
8880
7014
73
3408
6570
3868
9676
4354
9010
9642
4374
297
2011
2177
3842
4602
9627
7127
9959
6430
9888
9173
8209
1369
9308
513
4044
4808
740
2178
7324
7350
5054
7494
7619
7518
2854
264
8924
4365
6984
1928
1660
2874
8771
6350
6563
2897
3562
3047
1499
5677
7841
6350
8638
1131
9323
8533
6087
9846
7563
555
3730
6963
2625
1255
5832
8005
4986
3674
1086
4963
1780
343
9781
4165
5341
4171
9926
1879
8609
9832
4471
4053
4686
6143
3117
6094
9282
7613
4687
7106
4436
6512
4938
2373
9872
1733
6503
2244
2458
770
3494
7792
4705
7997
7310
6503
2746
4100
2512
2988
1888
6279
4623
2013
5221
623
3186
8495
1750
3513
378
1474
229
3103
8087
6549
7349
3068
9355
2203
390
9084
812
8637
4612
8729
7854
2113
6663
7924
6030
4454
7689
7713
3818
5100
7664
5727
6743
3371
2148
8763
9778
5558
4537
3115
8020
4469
349
4956
7626
3983
6067
1545
956
7530
5216
259
7490
8258
8431
5205
2382
3400
1045
4186
992
6924
2505
203
6192
4415
1734
6581
8486
2733
7861
5647
8554
9298
3805
6891
3041
4567
8729
1020
1040
994
2685
2301
649
6306
5347
9584
5366
4564
7750
6273
9713
1336
4095
8538
7386
4221
9434
8425
7387
9786
59
9679
2792
820
7537
1912
650
1976
9203
8208
2530
9645
1255
2923
6469
6614
4079
5245
2558
1382
2088
6248
430
6707
7043
7150
5169
4767
4732
263
3147
4272
4229
6975
1188
1357
8645
8981
3428
9000
2496
3159
5843
8986
1739
4668
9363
5060
8812
9280
9725
7206
7825
5493
4380
2495
825
2945
565
7549
5585
9512
8890
6999
1185
7385
5641
1853
3394
3161
967
6564
9831
2165
935
8353
4030
9824
1927
1500
7337
86
7723
9724
1653
4352
3807
6730
7069
2747
6552
9510
4047
8285
1710
8892
3286
7223
6930
2013
9739
9115
6542
4258
5187
1695
8820
9470
2028
5343
6252
9734
9610
6170
9397
2847
7309
9327
2582
9771
3195
2985
9190
1990
2966
1289
8016
7720
1120
931
6060
9330
1438
3117
1118
7451
1619
1111
371
6120
2624
302
6063
4383
2423
2638
8770
4208
8136
3987
6260
6163
7234
8924
8951
436
6292
3618
7968
887
1347
5952
4379
2534
6918
3483
7134
4352
4063
8764
6025
5145
1041
2528
650
6960
2457
322
5464
2223
4631
4948
5665
3622
8433
4895
1882
8606
2036
3373
1763
5897
6914
4353
1791
5223
8495
1975
1618
4312
9917
6169
5024
8582
6241
6157
6475
9999
8526
8542
3742
8098
7920
7619
4247
5661
4165
3089
7124
6208
5059
4293
9259
8553
7868
430
2126
1717
2115
5189
6349
9518
787
1349
3176
4486
4023
8631
4942
3551
4353
4060
825
1265
4649
6957
7863
4963
4469
5072
8803
6531
7995
7509
6905
607
5179
704
9734
2096
4885
1695
6683
3335
4553
5977
838
5793
5775
5963
1803
2747
1186
2472
5707
1481
2609
5367
1957
9553
5496
8894
4244
4367
6997
8398
7141
8851
7544
804
1166
2503
2884
7841
2791
5201
1152
6587
3591
3647
2454
3605
4855
1129
3975
7865
8041
2256
6875
780
2416
2208
3729
1029
321
8867
3485
8321
3005
471
9608
5246
1324
8846
840
720
5763
5216
629
4912
5068
9453
3836
491
6908
3719
9140
10
820
1404
4698
6706
4266
8334
459
2998
8384
3003
1752
5401
181
4161
9409
3629
9464
9179
793
7232
2009
5159
8446
6575
6993
1624
8714
5351
4144
4305
5968
9657
7858
9956
9940
8454
4027
8502
6694
5763
8563
9335
1246
1717
4549
9113
6817
8813
9694
9846
397
4250
9752
3555
48
1885
3523
4971
4534
9320
3549
4934
8712
3317
1603
3087
152
8905
241
7988
8244
7209
5477
3719
8679
2353
7100
4490
202
6452
2134
492
1694
857
7493
7824
5480
1586
1653
4123
541
5641
9369
2869
2750
6771
8041
4267
5548
8157
7462
505
3055
2113
4737
5837
720
5296
1897
226
3502
1624
2917
2845
7044
654
7613
2373
7817
9723
5213
4954
1039
7270
5131
4738
4264
3513
9171
1329
7270
8904
6148
198
4698
4039
8660
9636
1452
5445
4450
7185
9442
2582
9458
677
6365
7375
9836
5661
5257
9261
6783
548
4891
7388
624
7329
4849
5530
8711
9653
7664
9128
7132
498
3671
3761
1912
1513
3003
4072
2715
5816
6309
564
2049
3604
9745
7571
2375
4912
7542
9834
7679
9242
3559
3984
9739
2471
1472
7755
7563
6210
3244
6185
5234
3572
5571
6976
8825
610
8695
4321
8353
6790
8477
1934
726
1897
9389
8232
9409
7935
4385
8454
6404
4834
5123
7242
9330
2657
8916
5642
2549
3741
346
9730
5491
9387
4934
5575
994
1887
9002
7587
4650
2178
3473
4116
8259
6369
9487
3648
7645
2352
2071
7101
107
7535
3593
8562
4016
4199
2685
1409
5833
6604
6031
4249
3099
2304
4970
7334
6343
4836
6094
4185
7843
7515
1289
2834
3763
2580
1534
2335
40
4073
7918
5514
4493
8967
2614
8965
9961
5909
7292
3816
5956
350
3931
8486
5143
2680
1708
3945
6706
1790
8437
8433
5616
685
113
8399
3098
5915
3381
7046
8433
947
5512
8143
9709
8635
1794
4176
6299
6903
2728
4139
3467
177
8138
2250
904
8291
1691
4430
9822
2468
5289
4611
5900
3746
8150
2451
3048
4761
6805
7644
5930
4022
3836
805
7116
3306
6820
8608
3094
6778
7402
7822
9673
5397
4377
2543
9695
114
376
241
5909
7966
9120
7675
757
4477
461
5879
4004
9605
7388
965
199
8442
4591
8693
5676
9818
5476
6106
9719
7176
8867
7627
9696
8277
1912
695
8943
4283
8789
3679
3918
5584
6095
5515
1221
7332
52
3488
1771
5888
1098
5276
7435
7034
6087
9259
6786
1341
435
8211
657
1241
1001
7862
3716
6361
109
6820
9789
659
3967
4891
7790
5378
7365
4462
617
6760
2024
6216
1603
1307
4580
9096
9957
5443
9031
9403
2793
8819
9447
7123
2267
1003
234
1454
6159
409
982
5942
2892
8637
8324
3205
801
3323
2614
8690
1707
5085
6604
4707
1431
5397
5175
1549
7875
6109
8725
38
5258
1853
2478
3243
823
2789
7212
6022
9612
1244
9947
6215
6199
3466
868
1872
2758
1270
1886
9239
5667
572
5582
1109
8502
4246
9756
7844
1087
3909
6639
9756
719
2354
3440
4002
5069
2450
6616
8821
9403
6043
6264
9731
628
3788
6812
8877
1184
1243
2561
3328
6329
7165
9849
6982
8684
776
5583
4455
2733
4896
8483
7532
2831
1251
7040
9918
1304
6142
5227
4102
9395
8120
8423
193
4935
3653
2927
2177
95
5598
8123
4397
9263
7749
1214
9574
1327
4631
6936
9211
3188
525
9519
2655
96
8133
3974
609
33
1292
2080
3349
2387
3626
8227
9819
8146
4604
8581
6241
8817
8791
5690
500
2249
4865
8886
4128
7400
4166
7795
4504
6410
5095
6304
7027
7544
3468
4602
6568
9894
6819
8347
7951
7994
4715
5030
5526
9948
7125
7537
8063
5826
3097
8466
4764
8123
3814
3578
325
395
8588
6237
3115
6848
9539
7506
2468
4614
2118
8167
8624
8290
5841
7446
3019
3966
5829
1285
1077
287
1485
4702
198
4038
8736
648
465
2439
4534
9860
8016
118
3829
1585
1843
5412
8448
2967
3402
9018
9661
9599
5755
4887
8361
8004
919
8401
2801
3139
4496
6267
7065
6077
231
2828
8062
8626
1707
1233
5591
7968
825
5554
8279
2877
3607
4329
8780
4727
2336
8512
8146
5151
6211
5730
2741
2762
3147
6276
3899
6322
2449
836
1709
6824
8593
8629
1387
5756
2652
879
9912
1515
6483
70
3493
6393
8342
533
198
4494
6252
5438
5084
8298
1702
94
4712
9057
4370
3101
5888
4948
4494
7761
807
8878
881
8525
5709
2945
3175
5608
5962
6922
3079
2249
7003
1068
257
1059
2044
1206
7711
9485
6887
3115
821
8440
2699
9092
9260
5705
2781
1680
213
4855
1570
8074
4580
4614
7434
8521
7181
7932
7123
3099
4786
4854
8347
5722
3834
8103
4267
3256
9642
2111
1729
7796
3494
2275
9147
366
2427
9465
1842
4599
5220
444
7577
9734
6425
3858
5357
4819
1060
7831
9957
8508
6735
48
6100
5090
6080
4086
5642
9108
7610
2451
4494
2656
8648
4546
2600
8453
3908
3084
4919
4411
778
8488
7553
2972
2517
8506
3331
5332
9152
6174
1061
2521
4117
7738
5258
4027
3924
3966
4312
7189
1809
9247
9814
2283
5158
7117
5775
3302
8627
717
2287
3066
1574
3203
4424
5169
3222
7350
3349
6628
1638
3083
6974
7875
8427
7651
1161
576
517
1291
9239
5060
4864
7458
8187
2353
8731
9380
632
4715
7751
2151
9344
8149
4467
5880
3831
5238
7204
315
9333
6959
7102
4730
8393
1151
1947
8305
9744
3858
5888
893
1638
5541
3938
9558
4404
7563
8662
7193
6414
7505
6440
3367
180
9176
2408
188
3170
6616
5732
7523
8793
5903
3413
2541
1247
9292
7993
9285
7702
3218
7763
6854
514
3185
8743
416
4986
7563
9238
9317
6746
3594
3483
9802
9879
8863
8014
9677
2547
1652
8943
57
6226
3858
1055
2531
4118
5391
2754
7071
8456
163
228
7984
3159
3691
2096
7532
2170
6794
5459
5917
9993
9647
218
5777
1445
8346
2839
2423
6473
3962
4071
4723
9029
7450
5083
9046
8479
9452
1346
2767
5928
5417
8095
4583
617
6728
3879
6552
494
5421
913
9604
8938
2366
1214
3674
6383
550
4171
6772
9366
4994
272
5782
1804
7121
9634
9040
3053
3739
3851
1059
6142
1594
8313
8970
7365
1415
4779
1266
5753
2326
1478
6607
9428
1943
8686
3478
8439
5279
8416
7504
7783
3772
5253
6570
1078
9066
7489
5925
8896
5864
6685
1901
1127
9333
479
4765
7907
7436
7954
7602
2429
6758
4897
2993
1190
3385
3856
790
2932
9969
6933
1217
7495
4552
9538
7198
1144
7619
8866
9433
9206
3732
6440
6181
2948
2105
3679
5157
6412
7096
4123
1818
838
3636
4875
8505
6464
8024
3649
5148
1056
2862
1619
2133
318
5560
99
4302
1997
1002
9442
275
8395
61
570
6069
5601
9759
694
1213
2502
871
9740
4262
6272
1182
7340
3024
1544
9611
893
2758
3246
5957
8104
2649
4046
576
3576
6539
9263
8297
2970
7499
7023
9026
8420
7434
561
6329
8579
7640
4467
4506
2839
5530
1429
3040
1808
5429
965
7125
1195
4654
2625
1476
8700
7877
1066
7375
180
3859
6000
9962
2291
555
3022
6061
1903
3444
7313
5877
5843
2306
8251
2780
2877
2398
130
9014
9049
9758
1292
9990
1829
7045
7888
2660
5945
1976
5555
564
9735
5372
224
3365
2633
2320
3905
6502
5057
4339
3269
7505
6727
6244
1909
4578
3484
1866
4631
5967
3828
6487
1026
7735
2260
2524
1736
3456
5271
9871
6622
70
8985
7385
89
288
8233
2795
2134
580
4818
3857
2713
7585
5102
1376
915
3901
2454
586
4817
1015
7787
9630
4007
9089
9630
1616
454
3375
150
6998
703
7320
6215
904
717
1126
7071
8439
2724
2359
5156
7426
6633
589
3506
768
337
1118
2538
4248
9079
8108
1974
4576
6263
1199
9613
4266
9634
2482
5913
7206
4917
6659
5645
3520
890
1004
8837
7761
583
3846
8494
5882
211
5414
8632
8043
8505
126
1799
5176
617
3422
3204
37
3833
7110
4040
7709
6356
1466
2276
7192
6494
542
2738
427
8758
7725
5083
6602
9545
3337
3531
3139
4037
76
5296
7427
9568
9913
5466
331
8365
5650
3927
225
2115
1404
781
980
9247
7738
2718
9061
1415
7935
9145
6006
4325
3237
6799
4799
7629
399
4603
1617
6049
7778
7708
5209
2487
3563
8668
7102
3447
9469
1662
3232
2541
5304
8062
9929
6946
1004
2083
9062
2808
5587
3760
6263
5878
3147
3391
6060
637
4468
6710
5284
9695
6140
9710
4646
8397
7370
1907
7819
2359
3260
7342
4866
6694
7593
1759
9781
7253
8802
3547
8238
2613
5516
4031
2199
5396
7764
4442
2523
2619
1384
1671
9477
8127
1727
6783
5227
1141
3337
8528
2503
1068
3091
5864
293
5323
3440
4485
315
6304
2126
9223
7015
8014
6156
3026
3831
1257
9091
1292
5396
9106
1997
4077
4361
5266
2935
1445
645
9997
8373
6838
486
888
97
8194
2072
5621
3695
7951
4179
694
9318
8224
1813
2575
2049
8595
2347
1094
7831
5992
4456
2573
6606
6993
1767
8793
5572
8339
4805
2946
9753
9523
4917
38
4222
4230
3139
6659
7493
7941
3038
8614
9698
4673
9500
4162
247
678
1820
1526
7041
1712
2434
5869
5013
5358
5461
228
7119
75
7812
8385
9220
7251
4737
5388
7654
2358
4179
211
7783
2891
7532
8837
3129
6304
2397
9106
6449
8820
1515
4995
9744
9542
2479
1901
3
8531
8324
6809
7639
4225
7466
2239
9320
3866
234
5317
8557
2582
8248
8760
1941
6867
4238
1137
7021
3899
5374
8161
137
8143
3169
3937
407
2292
5527
2334
4105
7622
7107
7168
6212
8487
1546
6013
7315
226
2595
6762
8058
7357
3393
1844
5704
2216
9949
2623
2274
7844
6331
7501
5943
180
4485
3383
7117
4514
5219
4586
3850
7646
2208
7856
1317
6611
2954
3937
3617
596
6727
954
6290
2533
1652
2789
533
2749
3015
2615
734
6217
1844
1888
6220
9764
3867
3218
6772
4927
6844
1188
3366
2259
4744
9981
783
5384
7581
7368
4732
1515
7248
5021
8998
957
593
3485
2847
3927
9486
3505
7248
8083
7451
3436
9015
4243
2466
2603
3580
9242
3038
9323
5158
3138
6583
9282
1452
1395
7246
5998
5179
9076
1674
5373
1244
634
9089
7627
2987
6188
9331
1333
9881
4250
7168
9233
3323
5078
6488
2432
8413
2
3423
9046
9901
6394
207
6473
3295
740
6382
910
3974
3511
3254
8563
4282
2540
9755
9704
5899
819
2747
54
6819
5221
53
282
8042
5011
5161
4993
7764
3194
6109
7171
6958
92
5974
9687
8480
1964
2309
5872
3169
5542
6821
2809
6037
5624
488
4373
523
6185
6491
9748
5080
1706
4654
4182
4341
202
5291
6452
6807
46
9592
2728
5030
9651
8196
9401
896
9209
2222
5068
3425
9379
2105
1430
8866
3593
8779
4528
9430
3436
6614
8299
3832
1842
8567
5461
4119
7351
1572
3690
3678
7757
2298
6200
46
5325
4288
3884
9844
7933
1640
9155
898
8270
2369
3944
2041
3302
2241
7607
5560
6425
684
555
1533
9733
5961
8813
3632
9838
4447
1808
4626
3315
9409
9594
7909
6581
8479
9460
9760
7190
8753
8434
1161
8425
2577
4943
5105
93
1206
9071
8986
1293
3248
6464
366
1245
9919
8276
452
2629
8327
1664
7432
8531
701
2133
4667
386
4192
4933
4874
8276
5152
2332
4215
1821
822
1768
9761
812
3167
9132
3272
3205
8992
9470
2040
6098
5088
3376
4103
5026
8755
7169
7370
3493
5088
6932
3735
3504
826
7993
9520
8158
6103
1019
9062
5092
1916
5237
5143
4203
4303
8606
5794
3667
9550
5177
3327
3980
7966
1136
8205
2406
6465
5711
4243
84
2318
6773
3097
6989
8017
1978
945
2207
4710
2538
6294
8590
903
1291
1105
8772
1594
2225
9371
4816
5497
3199
1906
9292
3600
8932
2346
6271
9611
535
9919
1290
2271
3643
3363
57
1731
4017
837
7392
9245
9222
2503
2513
9908
7203
4586
9739
5607
8361
1103
6663
1065
596
4037
8022
7370
3115
8606
8049
9535
7337
3159
1863
1776
5884
1947
2812
8000
3231
1336
9970
7818
8644
7015
5248
288
4871
698
9642
9974
335
9873
5283
5139
5456
2988
3747
9166
257
5867
6402
303
9693
833
9675
2126
1354
1468
3940
6518
2734
7104
5507
4123
8231
6458
591
2539
8218
1634
8790
341
5562
6069
8005
2554
237
5644
6039
4995
2006
1499
1993
9673
2298
2978
226
5137
1060
5895
6367
4772
2940
2698
7578
9248
4006
2672
6031
9025
306
1928
5882
5509
7214
5343
3003
3211
592
345
5088
3233
8277
1849
7215
3974
6793
1492
2100
5263
5663
1370
4072
9229
9826
660
8065
9376
4324
6041
3698
1212
7479
5511
149
2940
4652
2179
2300
6822
6891
485
416
971
1293
8600
4219
1381
2291
525
8005
9746
5251
2516
4910
8511
6025
7936
878
3174
3050
9810
2762
6387
7676
4201
4404
5174
3095
1458
4979
7851
5135
2532
2445
7950
1844
7640
3236
8211
5115
6257
873
6439
9255
7471
9214
3453
3571
2120
1764
1546
4017
1361
8229
123
9684
4938
2007
6340
5915
727
7537
1732
961
1289
8396
9197
3372
8180
4139
5841
8220
9356
1142
9251
3518
2891
4573
9446
5028
54
5989
2004
3308
2063
8225
494
4215
1253
5299
6440
1096
2366
3170
9572
1717
2465
357
2509
4314
9366
6228
9556
1142
5005
1809
2790
9516
6695
5988
1012
6582
4388
4269
8428
3440
5338
7996
1890
2729
1996
5669
4321
1152
6433
1127
7327
2720
8418
5486
7446
3478
1655
1741
2796
454
6659
9835
4696
2269
9666
3236
8682
6767
3300
3724
3819
4651
9656
1417
4680
505
3351
9309
8796
406
2307
6576
8260
5784
516
4520
128
8869
7245
4511
9189
3067
9435
2708
2600
1319
9032
5351
5707
7340
9041
9340
7299
7270
1335
7722
1366
5942
4416
407
8069
6940
2470
896
9188
9157
9854
1854
4649
5147
388
4477
3353
9454
2073
7190
2254
9318
2047
8015
3590
4853
5644
2935
470
316
7549
2485
7171
5527
7958
912
9955
840
6390
3377
4760
6169
2832
5869
341
7727
6924
291
1529
8168
1969
5636
7859
6113
3187
2590
1304
1928
4049
311
8559
5667
2145
4184
5645
8208
4519
6459
4996
7546
66
9306
5110
8227
6322
567
2154
1313
1028
4618
3551
6114
4807
1383
6547
4499
6473
3124
2506
1684
8753
3571
9646
9125
5089
9415
2735
951
4692
4501
8568
9075
8608
9404
238
342
6174
8719
2032
5054
6598
6930
9109
5292
4103
9487
4819
4548
226
598
1597
8265
8033
9788
9692
4144
439
8042
6463
2469
384
6341
2770
7544
1005
1832
4569
5600
1048
418
7889
8151
72
9760
9259
1469
9989
5311
5554
6788
8380
3393
1722
5454
176
3895
7343
2990
6472
6155
573
3218
6987
2517
6475
411
7569
2300
6571
7190
6367
871
2812
6244
5348
6788
7359
9651
3649
7568
2044
7755
3054
6439
4799
5994
6493
3180
3531
9103
3945
8149
6593
2541
9054
153
7877
4679
3230
7632
4862
1998
40
5699
9673
9994
3547
4519
3748
9618
1942
713
177
6482
3803
4047
2700
7096
4794
5869
9227
4615
7297
4375
2035
8295
8176
4031
9454
9442
7036
2485
8771
2681
4406
2584
1342
11
5944
5211
9871
4235
3768
6540
5904
9240
208
8225
7904
5736
8290
8541
4145
3530
4373
3
8771
4991
4618
5354
3113
8791
1741
5917
5897
3986
245
1016
9394
4762
3667
9084
8379
9611
4182
8244
3937
3326
6812
8997
1131
450
9041
7074
9954
1207
5522
6880
7531
6440
7268
8466
942
9272
5271
2375
2032
1042
8794
3199
4681
2458
4679
2651
9078
4602
9185
4188
4374
8187
3130
9100
4800
6622
9683
7823
2220
2728
6811
1570
6009
6759
3334
5799
1015
2268
12
6689
7044
7605
8660
3489
4007
1536
3165
787
1331
4034
8653
2397
7240
6163
9157
2752
4297
6590
8252
4731
3050
4109
1496
4508
4853
7706
565
1614
8847
2776
9739
8373
859
9684
1182
6087
9844
133
330
4225
1609
7720
2035
5920
8195
9119
2585
5008
8045
7815
4908
8799
3898
8899
7855
5183
3928
189
8375
1788
530
8638
6948
1232
9532
5268
3573
8626
6501
1794
6591
158
501
4721
3804
8137
7883
8313
9315
2607
8433
103
5688
9969
2886
9290
3633
1779
1370
8194
4208
2681
8693
8006
7079
6998
6482
3388
8731
2962
1997
9560
5908
8480
1591
5516
2892
5903
4696
3723
4208
269
253
3946
8295
4276
923
1691
2190
4413
7391
906
5570
9366
3112
3798
1417
5593
5404
534
8567
9505
8306
6857
7453
9599
1437
2171
2259
2719
1960
6234
8404
8878
9288
1999
2609
1150
8394
1916
9985
1340
3206
6176
9740
6957
1403
1163
196
1568
3701
9259
9245
1462
7856
8461
9567
8303
5640
9416
5183
9204
4772
7472
8820
6374
4547
8045
1646
1839
7290
8106
7844
2464
8423
288
271
3811
3422
4916
9040
6905
5239
597
9038
3193
2479
7574
2297
1896
676
2552
7864
9826
7408
1272
366
3787
8782
4352
1113
1061
2295
1449
5920
3804
450
8695
5008
1549
8814
2669
5149
5818
7570
3137
5623
508
7579
3911
9011
5708
8911
1658
7336
1420
9586
4968
3927
4515
6961
5235
6089
4015
9096
9780
971
9203
233
4954
5869
4100
9335
4205
4669
7841
2010
734
2046
5125
6738
3162
6123
8521
3872
9933
2486
7841
6417
1011
438
3191
9818
5065
6244
1395
4571
4844
1458
5042
3006
8563
3585
8772
709
3918
3863
117
8525
6530
1834
6231
2336
5009
3784
1132
9708
5940
8876
4509
3344
6752
129
3626
2668
5047
5783
8822
8649
1028
9959
9204
7481
4312
2652
9666
1513
8838
6707
1707
812
4159
1392
1254
9844
8559
1998
8846
4980
3654
6394
1310
3855
3277
1207
3336
3512
2995
7868
5406
3228
9111
5306
3468
4645
7033
6646
8505
5895
4280
4235
4383
1986
7926
7480
7496
8795
816
9803
3261
2444
5677
7725
7056
4422
17
4119
4446
8960
7104
6036
9305
3974
3785
566
7699
495
2313
9043
3961
1310
893
4436
9878
2162
925
2893
7225
1716
3739
583
9405
9991
5854
3772
9211
9728
7801
8952
1829
8427
4044
8722
3748
6960
8875
356
6418
8992
6747
6570
7395
9736
1202
897
4375
5404
5471
2699
3625
919
4843
4349
4031
8644
2335
6065
831
2698
447
3100
6626
2929
1259
6584
1913
6924
3124
7271
9532
9400
1958
8748
3804
9030
9061
739
4018
3538
5486
8269
5522
3462
2665
4072
6290
8253
5792
4741
4404
6795
8730
1202
4025
6263
1577
2846
727
5944
8839
6274
2700
2835
5894
704
6345
460
9699
1791
7609
5994
7270
5888
8411
1320
8744
627
423
1030
5967
1567
5502
7006
913
3388
1648
6860
4885
2301
9976
7723
4315
9403
3783
9206
2456
7212
262
1339
1574
1945
2683
1284
6622
9312
2162
6535
5606
2387
8530
5741
2482
4052
1097
8245
4629
7908
8480
8920
4623
5812
2284
6755
2077
3516
8089
6557
5455
8238
9523
6973
4880
4968
8801
2582
6561
9950
2406
5818
6934
7709
7016
5219
9745
2293
5112
5796
4286
9837
9195
9314
6652
9186
134
5009
2091
6572
1928
3572
9767
8500
360
1337
4040
7594
6815
4543
4571
1771
8566
2928
6574
5294
6077
7393
27
7132
3220
6238
2921
4929
4833
2581
2280
4924
8974
3640
117
920
4718
3391
8285
3571
7874
3972
8763
3992
9641
7913
783
5705
1299
9134
2962
6146
2195
943
2695
7642
3474
7960
8015
5793
947
195
5907
909
7314
5477
241
1827
1919
19
6129
770
4350
6684
6646
695
2704
2244
8669
3840
4932
2366
2999
4776
6208
9034
9569
5689
8610
1145
3047
4041
5764
5832
5269
584
9197
5777
7500
6544
1290
2533
3067
2401
3905
5899
1761
116
6516
2162
7376
5699
9655
1491
7240
3632
2779
7646
3191
6627
5864
5816
9264
5074
2946
6593
4913
1765
2499
3301
9019
7770
8828
6276
5934
2453
5001
8336
427
7174
8178
6888
8259
8065
1859
6131
1092
4525
7895
6076
5238
7505
2471
7822
3944
9137
2973
6490
3757
8619
2749
999
3034
7945
2833
7279
283
9571
7479
6932
5807
9553
6252
3406
5252
6160
878
6338
7879
706
6858
4387
6610
149
8004
4725
724
1794
419
186
8234
4635
4828
1259
6156
3784
1852
1821
1808
3400
4245
8442
2562
3674
6365
7206
6494
2758
5440
7198
6124
4540
4362
6930
366
6664
6576
2077
2299
2009
3700
9175
5687
9904
9113
4885
4447
1223
8198
598
8205
8863
9511
1194
4546
6747
6365
5983
8403
7396
547
4595
3186
5394
9851
8972
7346
48
599
3881
7313
3447
371
181
2190
4238
3211
8772
1531
1604
210
8571
7381
4925
4781
2694
1036
2150
5056
5891
3563
5074
671
3577
8932
2780
86
7770
8559
3342
6284
7886
5860
236
9569
9455
7856
297
4802
7488
6064
3569
9095
9113
7584
5837
7378
1137
7997
165
2546
4464
8942
3181
6955
453
4258
2294
5356
6175
2429
5685
6423
5604
5026
7615
1106
3956
4117
706
5478
3058
1550
1317
1297
6680
1579
7070
994
4447
7178
1614
9070
2866
5514
8479
5511
640
3944
2083
1321
4713
2780
9222
9291
4275
3064
6418
1867
6315
8594
655
9831
2072
1576
1254
9286
1425
4714
9580
8380
8191
8529
4789
8323
1758
2818
5818
8640
4998
7727
5325
7433
7496
9491
268
6490
1519
6000
2444
5571
7777
9225
95
66
2370
5081
5124
8126
5563
395
5826
4175
8223
7430
9849
1873
1810
653
847
9651
9815
7136
5536
1917
4831
586
2398
7394
5967
3616
2605
7480
7793
4088
1438
7267
6995
3084
693
5633
5427
3955
968
6040
5192
6761
8616
462
2503
4093
5342
8038
5714
8657
1372
4948
7069
620
5563
846
9086
7439
2390
4181
9424
1327
8766
8865
1010
2866
1024
905
1572
10000
5224
8515
8408
4436
3744
1558
176
5042
6572
8967
4809
715
4727
4706
8466
7960
846
316
380
2999
1820
8066
5044
3199
7994
1566
6301
2868
4914
2593
2680
7252
6371
9182
2854
3294
8911
7646
9410
9909
1077
4807
4343
8482
6273
2137
8787
8274
8067
101
9182
8760
1811
9550
3434
7841
9928
6477
3209
2785
6114
3793
4564
5921
9845
537
899
6279
1096
399
9483
6245
6731
9956
3438
6807
1314
8883
5750
5517
104
1127
1558
201
4514
5294
6480
3195
3607
5535
3562
3779
957
1262
3384
1203
4974
1512
1734
151
8423
7923
8019
5515
1608
8201
1120
1946
535
9725
4589
273
1164
9151
5021
7048
4583
7958
8760
3855
5676
2519
2131
941
3704
6292
3162
9859
5055
253
3989
7351
6826
203
3473
3371
601
5970
8146
3086
3833
5287
6331
8003
4270
4281
4687
4367
8905
5580
1353
6831
4066
7244
1529
3018
6236
2576
8837
9967
6
1208
5919
9313
6453
6454
4172
4559
7347
8888
4438
883
7875
8084
7104
5368
6386
6627
2963
3468
4916
4146
3342
2850
2222
8146
4395
3880
8398
4075
9153
7522
9351
9032
6160
2296
1029
8781
5154
4048
8347
6414
2076
5524
9582
2459
1573
7897
6949
2726
722
8001
6600
8784
3790
7908
2477
247
4125
6298
2587
7006
6742
2754
7395
4010
3843
6020
8649
141
2019
4125
5215
2309
1046
8055
5120
363
9351
4917
4654
90
3509
3501
1619
9863
6525
8532
4806
5954
6751
7537
1322
4369
4455
8802
1760
6085
4198
9958
2728
1595
1827
4017
8091
2634
7086
6218
2319
5758
9964
222
7688
8724
6220
3571
539
9394
5990
6370
3613
6291
4028
5452
8055
5722
3681
518
9675
7107
755
5266
284
7627
9294
2896
7203
467
708
239
8992
7877
4280
7202
1321
1106
9306
3314
6741
4520
289
8329
6764
1587
2485
9330
6817
2033
5392
4460
7742
7974
6670
3397
4523
1689
3792
4762
2787
9297
127
4872
5291
518
7491
901
7566
4821
3830
8701
2987
899
4286
3997
5496
9383
8684
6841
1317
112
5127
6966
9095
8066
6629
2190
4674
2235
3771
8336
6174
7868
4559
5137
5645
1726
2838
3380
617
1105
5732
1984
6081
5071
6212
91
1131
6811
2335
4452
3430
5387
4680
7806
4764
8757
2091
7475
4054
866
3801
2086
5094
2002
5518
1578
9392
561
7666
9315
1448
6818
910
1241
8241
2353
902
7558
2032
7552
7240
8347
8922
5246
4485
4176
4179
3827
8420
788
2651
761
5225
5469
2517
4698
2610
9464
7401
9447
8769
4461
2366
7858
927
5023
786
8696
3200
6974
931
7856
6532
6771
51
8126
1962
2996
5892
6199
8737
7483
554
57
4689
5902
3579
1890
5550
8696
4804
1056
5283
4050
5243
836
3424
3084
9501
6269
5543
4455
8465
2150
3271
6751
5224
1758
2733
9010
9790
6656
1101
8929
5966
8918
4461
585
4613
8944
1954
3428
3791
2143
5137
8729
1199
1780
5864
6014
9906
9269
8531
6791
608
5167
8693
8068
2057
4223
3903
8134
3337
9463
3460
6996
434
3185
1343
2133
7289
8982
621
3713
993
972
3716
3640
6087
3254
4685
6824
4420
1207
3894
311
1978
5689
6844
3812
3909
5408
1933
653
1408
6905
6508
3140
1191
9863
3148
2929
7549
1138
1443
9658
4909
6150
8257
3153
2069
8518
3856
5384
9108
7152
2921
2355
5839
7986
3999
3950
4321
7771
3403
1933
3606
5983
3121
739
89
8609
822
7223
8238
874
7987
5999
8812
3679
9660
6055
2824
1592
582
7619
5766
5974
9131
4419
5640
1103
1184
1838
8400
3729
7957
7517
3840
8270
6547
1623
8863
1042
4385
7379
623
5896
9184
6756
5106
2736
3638
9038
5788
9708
9818
5554
8950
631
5646
857
469
4466
4371
2338
7515
7379
6530
1043
8369
3538
2357
4251
8702
8252
8144
928
1164
9277
879
6515
5413
28
8587
4203
8293
6662
8631
2593
2998
2454
5030
1008
9544
9076
8640
9541
5731
3287
6997
8321
2059
6946
5615
9584
6765
5845
7168
8145
7082
2555
1407
3162
6577
2073
5461
568
3916
8197
663
9297
8306
9799
9657
9221
5501
7772
1754
9268
2289
4681
8368
5566
3477
7232
4828
5356
730
5988
5731
7027
7740
3488
4057
5303
7237
9926
5053
3927
5946
3338
4765
7501
2951
3806
8168
9023
1186
4070
766
5794
4686
3179
739
3068
3167
3561
834
7450
9448
7285
9862
6260
6807
9056
9102
7714
2600
9122
4549
5474
1903
256
2884
5002
734
4625
2828
1135
1702
6257
4593
5033
784
4493
9879
3428
9847
7193
1626
2396
9980
5753
58
3438
8042
768
3142
7363
268
1835
7566
1238
9721
3022
1303
2370
954
2669
3693
7481
4389
5799
1574
4131
1330
9696
9701
6434
1849
5087
2277
447
4895
2677
4120
1239
419
3011
2209
2461
4646
8649
2952
2662
146
3191
9566
5822
1455
1875
7340
6058
6661
9393
7393
3330
4258
4614
3675
5181
2164
8362
2248
3613
8259
4288
4771
7784
7988
8935
7340
4212
3915
3081
3954
1087
4830
4576
5971
94
8888
3056
6661
8809
788
3824
4785
4745
7294
7702
4978
5207
6948
9294
9976
3438
7394
8497
5195
6708
1414
8465
9442
2951
2828
8779
2870
2198
8475
5788
9996
3415
9724
2698
6236
6219
5000
535
1843
284
8834
3220
4194
9288
3431
6681
5938
8727
3755
1152
7505
4033
7522
5707
1662
4350
6340
9664
3087
6610
2642
9367
5076
8235
5832
9272
9033
8966
6031
167
2232
3878
4157
7393
9463
6211
9952
3368
2529
6663
3832
1109
2456
9521
3895
1753
2177
1200
6246
9536
1155
9184
7705
3035
7057
1028
5243
4620
9986
7150
8816
8456
5358
805
5620
4912
9954
6532
2777
2191
834
1563
5057
4824
9177
6255
6767
1040
7956
5298
586
659
7525
3720
6738
5876
1563
9433
7248
593
4059
3403
2145
8162
2820
9530
3131
8660
1929
7505
5645
4297
8342
8876
1832
403
6032
1583
9654
5431
6705
8125
16
9985
4875
5576
59
1903
4599
919
3504
7962
6067
5659
5627
4578
809
2849
7651
3257
4398
5676
5727
1474
6711
3484
99
1995
2448
7279
7913
5610
8816
3762
6357
2605
3071
3327
6914
8151
2695
8059
9955
3456
2587
830
9500
1219
9329
2868
3910
2722
273
4993
8888
1298
722
4369
3764
8720
4038
9511
2277
4529
5410
908
7915
4459
582
4890
8683
766
658
772
4695
2935
4386
4320
8634
1746
2455
44
6589
8425
9701
6541
7814
5837
3877
2448
4823
5205
4600
769
3749
6208
2502
127
3287
3992
7547
5963
9311
7642
6781
4118
6888
42
4693
5508
5750
4073
8213
8636
9243
4922
2658
691
3391
759
2415
3981
7502
1095
9210
4051
4273
1583
9983
6690
9946
2049
1183
1768
3181
2768
4837
9826
4153
6398
2324
736
9502
476
1858
5888
3783
8017
7840
9712
1146
4986
1075
7605
542
2808
9338
1739
4493
7581
4515
9487
2804
7592
9090
7038
1639
2753
7599
1598
9274
2919
6060
7308
2133
5086
1793
4154
9588
6792
8888
2061
3626
2595
4166
4078
6849
6047
2853
6667
3226
6
4766
8772
4298
4925
3997
8109
9357
6581
8916
1092
3343
3014
6628
1915
2632
5088
7176
332
6018
6746
4737
6897
8043
5577
1460
8654
2566
147
9563
937
9133
2712
5775
5784
2798
4969
9068
502
2899
534
4453
1715
8488
566
1418
9723
2105
6700
3346
3672
5622
6236
5318
6788
2298
2122
2899
5854
9480
7950
9507
715
7701
8172
632
4625
5197
8454
3437
1232
6469
6073
2852
4729
3024
2915
5213
2031
4534
9544
5437
5385
3064
8284
3120
2338
5729
6652
4089
6675
7016
4667
1156
2209
7020
8768
1617
5645
2164
8979
8601
2072
8966
1671
3729
7428
9900
3076
7753
8566
1731
5291
3485
7875
1712
1773
9372
6913
4820
8363
351
2155
7668
882
7590
9850
6158
6255
1271
7714
7183
7886
9144
2108
7683
9986
3782
2503
1094
8066
1204
8928
5059
3865
8115
9903
9527
7674
1051
8833
4766
4565
4923
1569
3834
8306
5450
3093
6098
7684
1400
507
6392
2386
6228
2447
8513
594
1988
5714
8447
2147
4585
337
7049
3547
8825
4120
9167
6224
6467
9053
3623
5082
105
5437
1760
5728
5641
9402
2443
6049
9031
4817
5485
7098
4753
4136
6990
8184
9532
9673
8396
6659
9145
824
9914
89
6265
7392
711
8765
166
9223
2942
3443
5431
8267
7185
4644
5076
1856
7590
3716
3335
478
4721
9237
5440
6691
6606
2800
3789
8714
7654
5273
5965
1249
5299
555
2172
5023
5605
6217
5555
9005
549
6746
1769
1469
9832
7654
8523
4152
5794
8593
1275
460
3250
2407
2373
6283
7062
9642
8232
1525
9132
406
6438
6736
7366
5573
6408
4704
3010
285
7873
392
150
4335
790
2235
6113
8742
7581
8962
5876
624
9635
8152
8007
768
8253
6255
9786
7772
1151
3731
50
9640
5018
1239
3868
5186
9858
1484
532
5895
182
3322
5898
4877
7656
1425
3115
7317
1385
5325
7395
694
4217
9263
7191
7126
767
8300
6923
4024
1467
4159
6063
2674
4887
5300
8410
8493
2278
2987
1080
7244
9115
5496
2166
3856
5814
4777
9401
8731
9377
453
8191
4632
6597
6
3149
4346
9014
5212
5287
6198
9698
9857
5366
571
1835
5948
8137
4993
3518
7090
3392
1579
9023
8486
2856
9113
5682
7089
5651
6278
1663
4576
9383
1233
1244
8832
6284
3280
1266
8999
8486
7698
1325
8313
9185
404
5005
799
2775
5900
7691
5882
8793
2837
1783
230
5566
3728
7436
1127
4591
6473
6318
2429
6941
1616
7591
259
481
9930
7559
6560
9724
6374
3235
2984
5576
3869
5771
2941
8637
4163
3645
3306
7490
6047
7149
8558
208
9113
7254
2818
461
2138
1703
6406
6204
9054
7971
7757
3394
7507
2671
1977
5126
9943
7546
4109
5649
5844
5999
9568
8230
2880
3996
885
8881
3673
5469
483
1753
9796
1794
7840
9320
6580
8579
8178
3418
9581
3864
3873
8223
5338
9985
952
9612
6263
2580
8726
674
6177
6789
4587
3214
2778
1962
5754
1071
2976
1168
9449
707
9961
1845
3673
851
8696
4304
2800
1765
6684
6001
4535
9558
7251
1532
6460
3473
4203
5968
1488
2564
4640
6056
809
9289
6607
1227
3212
6855
2803
6653
1296
6220
5712
4058
849
5860
1387
9053
4462
5704
9636
1242
6073
7242
5988
4882
8781
4783
4914
1748
7757
2657
8541
7434
4516
6828
130
2356
8261
1571
6397
9684
3695
3222
8636
3011
1985
1344
6055
4374
5085
1871
7309
8411
3546
8315
1812
6538
5699
505
2025
9430
7132
7033
5821
9888
9057
8408
9526
6711
7631
8242
5768
6948
8217
4791
2195
1089
7866
2493
987
9640
995
4222
1105
5049
7801
4121
1055
1000
4157
2787
8669
9021
1863
1637
7039
2844
5184
6107
7484
8590
6858
4500
980
1702
1254
6855
8887
1916
4114
5360
5439
3299
9936
8362
4244
3005
6165
2209
9318
5044
6444
5720
9406
1238
8922
1236
9019
2900
1583
1129
7896
4067
9745
3109
4469
9792
293
153
1556
1754
1521
7663
931
7687
3117
2847
1143
5575
6182
9202
5101
4376
2619
4719
4535
3154
1161
9704
3900
6827
4796
7135
3335
1518
881
8881
7720
4134
8648
8089
1636
5568
3442
9505
9989
9246
8160
8252
3606
1064
7240
9411
8230
1864
9401
4633
564
144
2476
4826
5356
3968
4220
9577
7433
4039
9306
5947
6193
8104
2923
7466
3646
4629
624
2712
5475
6950
5193
369
1344
4069
99
5879
7166
4506
6135
3352
6000
5287
7901
7870
7094
7629
6121
6195
1957
9176
637
6574
3174
5924
7245
6845
4903
5876
692
6188
9317
8369
6932
3834
3601
8751
6888
1604
2166
5018
4987
5338
8508
9060
4727
5886
7081
1669
8935
3107
3072
400
6473
2824
4546
8298
877
5770
7334
2276
4503
5907
3359
5113
1928
3567
2515
7928
8387
3426
7613
7453
6922
1737
9014
4138
4744
1475
2854
4753
213
4995
9803
9639
2321
3574
1566
5894
2233
2929
7166
7367
5694
6943
1259
9102
5286
2126
4180
1978
4195
4718
11
3865
112
9810
1183
9454
5583
9016
3269
4069
3322
4018
7857
4279
7909
5189
1404
528
8549
8689
7596
5054
5668
9751
3689
8743
796
7398
6798
9038
4303
3337
9926
2673
5355
933
1170
5538
7954
6828
3067
8522
2219
7167
4148
6258
9324
3806
7849
7701
3724
9765
4014
4872
1688
5210
4705
311
3961
655
7194
8543
1390
7925
2170
7254
1804
7919
4961
822
326
2424
6700
2926
6485
7142
7118
9934
9106
5573
641
2648
5971
855
3954
8113
6128
2854
803
5558
3785
8465
8464
2570
4676
9169
3159
4117
7737
9676
3122
1601
1117
3380
1710
8951
3833
5876
1618
7116
3656
7853
1789
4015
2933
9532
9978
4362
4167
4909
6476
1622
1658
1387
5408
7324
2274
3969
7161
8489
1929
516
5112
6877
8976
3265
306
589
5139
5600
8338
8324
9064
8445
590
3886
1665
2350
6999
7502
3654
3179
7319
6319
2056
326
7970
1188
5941
3719
5386
5416
4104
5415
5993
9168
4617
7379
814
6016
6178
6075
5197
9107
5174
1292
4007
1839
266
9033
5447
9369
5051
4937
8235
9976
4607
1115
5821
6313
1463
4374
1116
6414
8628
5587
9364
2241
1337
2618
2150
6611
7443
2378
299
2171
1121
8134
5889
7391
6349
6007
4846
8246
6292
993
1590
8738
8101
5376
3822
3565
2347
3734
2546
2423
1461
2523
8721
3055
1488
4897
7383
783
1916
2792
9350
1952
7019
430
5629
195
9329
317
9423
395
7480
869
1178
3012
8390
480
33
2704
6224
4026
4364
8214
9262
8466
3969
1477
2137
8386
8920
3950
6621
3437
2485
3557
8899
8899
7920
9659
7541
2141
5549
2146
9365
7030
2875
2151
2260
6295
10
4663
7580
4503
2418
7114
5271
1337
6377
1939
6722
8157
7947
7951
213
9714
3983
6784
7434
3302
2556
8390
9410
5789
6806
3648
5094
9045
8986
315
1678
9866
1418
7058
2199
5772
1666
6654
9634
241
5589
3634
1558
9367
71
8280
6339
671
4130
8515
2378
3227
7877
1439
9519
9242
1516
172
2857
4987
6249
3637
2352
7463
8145
2105
491
2414
257
4523
3473
8078
4232
302
6804
1613
6213
1244
3129
6447
7334
79
3224
1316
5273
4038
541
6884
7466
1868
3829
4874
9813
5477
8170
1452
3069
8847
5251
878
1222
377
5753
9410
6653
6827
4022
3636
6828
3369
6278
6738
3765
2002
5234
8750
3824
2104
4128
5902
7449
7451
7357
3853
4500
1042
7734
3343
5169
6423
8461
3791
3643
1697
1034
9178
5542
5029
3893
1977
2385
8573
7238
9568
6685
6986
2029
4658
5897
2337
8303
5997
1113
2405
9989
608
5294
4752
4836
3999
900
7598
8724
6690
5502
6706
9754
9917
3492
2709
3267
8323
8434
632
4829
7311
1915
2867
597
9776
7382
7021
1324
9265
5343
8312
8281
4733
3084
5244
8941
1166
7252
1449
2122
1969
9107
1959
5532
7288
8344
5431
1868
1585
5528
4381
7868
2684
9388
7953
265
5881
9071
845
8431
4603
3741
3393
5241
8787
2358
8393
9454
5796
675
8397
4495
9197
3535
5267
9224
1495
8303
6383
3662
4124
4821
9244
2223
7160
6968
4116
1689
3428
3087
3642
207
9928
8404
3411
499
9419
1045
7847
1171
4608
1604
2947
9202
7597
7416
6531
4993
8521
6971
3169
1880
954
799
1302
8312
4304
7905
4730
2981
9786
6647
9331
7863
230
520
7848
2183
8992
3499
2002
8549
8581
1678
9271
2038
3319
5246
3906
1958
7074
5204
4649
9365
2419
6274
7221
1586
4278
9472
4983
7581
1431
7265
7692
9349
3768
8743
3841
3381
5221
1438
7715
932
3156
2352
9001
9692
936
5330
2985
9823
200
6032
3226
3383
4774
2566
7674
3045
9874
3331
8279
4718
1328
3290
3507
4073
4004
5985
475
7911
9009
2724
969
7891
2444
2059
601
5115
9053
4593
4233
979
7593
9216
8591
9370
9509
4769
9885
9112
1347
9909
697
4670
1757
3673
3798
9423
2846
650
2833
9697
4409
9136
2711
2096
4465
6386
977
2432
1603
2846
1201
9547
2845
1126
5086
2681
9070
4990
4874
8089
8628
7300
9179
3914
4913
8771
340
9181
6697
2132
7673
4809
7625
2127
5815
8225
6804
8360
6009
1871
8947
4320
3981
7356
4656
8294
1993
8771
812
6318
8014
6258
6778
4281
6441
8403
7315
8468
9147
7184
3495
1747
4908
2853
7846
2133
9380
1952
5575
951
5001
9781
7099
5814
376
582
9929
8708
7658
9461
1741
8525
2232
1094
9626
3456
7749
7027
9336
5703
4769
3812
9598
7238
8524
5997
218
5487
587
2248
4787
9553
2727
7463
9616
8325
868
5161
719
9044
9330
9954
792
9722
9479
1832
1481
9092
6447
7372
176
1062
8384
6861
2419
8908
2761
1171
4033
6095
3811
5143
4431
4089
9924
2770
1574
8631
6090
8019
3718
4497
2600
3901
8237
9547
1709
21
3965
8764
9904
7073
2118
1958
8510
3515
9219
8996
1806
5388
907
9116
1664
2177
714
5682
9927
6310
4783
4415
6753
3761
6933
2222
1611
7145
4727
3843
6220
4382
5318
3928
5647
6732
2695
9178
7556
5820
7535
4920
3708
3779
8917
5122
4744
8401
522
1483
448
7303
5619
5624
50
373
6707
7844
1632
3953
2703
2918
269
2309
8381
5325
1975
9381
3523
8390
3277
4970
7359
86
7895
5567
2713
7782
6957
2907
8053
1257
3471
1345
9435
120
5962
5158
8187
4540
6689
1266
3888
5754
8269
3887
4498
7038
1885
9440
5190
151
9094
3482
2316
8258
8796
1562
2227
8022
8332
2610
2183
2383
310
6417
9765
1052
6314
1456
7594
2892
9440
2358
8260
9840
2220
7089
6124
6276
9810
9571
6902
639
8013
847
7069
9443
9086
3690
4025
4404
6236
8324
4667
1101
893
1150
7498
3113
1568
3307
9507
9407
8356
4896
4603
7656
3834
2223
7827
4232
4323
4131
1965
3405
5798
3811
8595
3207
1945
4315
7486
4870
7853
4975
4641
4009
4643
8305
2708
8198
499
6975
3032
3645
1787
2149
2444
4832
2823
4095
1846
3699
5318
2784
6983
1747
9214
6536
3033
6950
1578
3983
2314
2548
5882
8463
1271
7848
6996
6228
9615
3934
7471
1581
7817
6203
3761
1879
7166
5194
8279
8138
1020
8230
6582
4448
5570
3385
9050
4134
7489
2115
2135
224
3651
7205
6285
8616
6836
2105
1083
6911
7116
6819
5916
1935
8554
631
2411
7219
5280
6087
991
1168
1262
6066
6453
8919
4013
3721
7940
2347
7345
3816
5661
4070
2016
4016
1050
3775
3544
451
3752
4861
8128
5376
5038
1086
1138
5691
7346
1302
4696
2933
6573
4401
2006
4010
9129
3581
666
9946
3336
9141
8073
7931
1482
6573
1051
9416
3570
8614
1763
2638
994
4294
7928
1309
871
7964
8249
8499
9967
1053
6934
5944
4925
6762
4989
7706
9140
6732
2346
7954
801
8290
5181
6370
1939
8577
2812
6814
7247
9052
673
6101
5084
4280
2947
4605
8743
1056
1959
2685
577
1518
5485
2912
2734
9849
1111
2371
3444
4456
3816
9383
8007
5711
388
3904
7566
3358
1683
6178
2626
326
3909
9831
7124
5613
4777
4066
6902
330
3156
3651
9679
7929
2737
5872
5476
6246
7995
9897
9303
6744
6985
4307
8578
1349
2867
866
1989
9043
8232
746
2412
3311
2845
7040
3973
2989
5730
4866
6159
2626
3375
1551
1120
5897
6357
577
2806
8267
2353
374
8665
548
5059
3625
2667
4820
4280
9052
1987
1133
2629
442
4959
8741
2191
8521
1114
4772
2328
3569
6921
29
4070
2066
7070
4333
1796
1654
7660
5029
6670
1521
2834
4749
9409
7428
535
7212
2709
7250
1167
6140
7699
8147
4434
9312
6746
6739
6957
6786
7132
7053
3857
7495
5714
2361
1687
6841
8182
2057
4569
8165
5251
7187
1065
9430
2639
8662
406
121
4435
967
4040
7943
5481
1704
5985
9965
7748
326
782
1961
1179
1589
7100
4259
8809
4080
5473
3395
2383
7707
2148
504
4866
7431
5132
9151
7948
3391
4644
713
5081
6695
7672
4874
2357
2885
273
4372
3211
7993
1348
4518
1925
5447
5946
3540
5734
2077
5423
9393
2169
821
7657
1572
3001
9083
3865
9533
8453
3027
8595
1734
1400
1063
3523
8924
536
1491
7303
1656
4377
2015
9420
8719
4605
1495
6891
9871
2526
4894
8742
7340
8107
7244
965
9523
8182
1352
7563
8959
9369
4375
4020
6872
2449
6974
7108
5184
1502
8304
5350
4055
3504
977
9274
8623
5845
5541
2267
7885
2858
7248
5176
8632
7198
61
3494
3927
9697
4034
4968
4162
690
6063
3225
9155
4641
254
6070
4223
1493
5151
9886
2413
1185
4745
7449
5559
3187
845
9880
1209
5842
7124
69
5747
5625
5404
5437
2822
6144
7888
3233
3258
6196
1595
9692
298
3901
2013
7464
3084
12
4800
1706
9478
7185
8134
8882
2451
6600
8991
7775
29
6133
5107
809
7770
4499
2396
507
2154
1527
5590
2108
5641
9305
629
5383
9631
9871
9568
8049
7574
1917
7661
1145
2399
1177
6479
8166
1596
4738
542
8766
3211
1807
2301
9302
7658
9382
8907
1455
770
94
423
6966
8925
143
6206
4688
7722
7602
8398
7236
6669
8767
1464
7817
9146
7529
2154
2443
5205
1317
5748
5195
5502
447
7288
8101
8745
9018
8697
3976
1083
4493
1100
7115
4868
2899
3877
7247
8974
2489
743
4421
9015
4359
1506
2632
9587
6906
7004
61
9110
3807
5756
4630
8889
2160
7775
3175
7698
8926
7431
2020
3112
262
1303
8050
5882
9321
6154
8187
2623
1635
4136
7696
4808
5620
3793
5707
2851
1526
5769
6891
6046
4420
4615
8478
7332
8317
192
2871
7036
587
254
9173
2939
1747
245
6696
1812
6837
1454
2884
6510
7287
7012
7934
3652
9039
2862
9895
9362
8522
8867
3824
5358
4567
5828
1956
6597
956
3295
314
1283
5671
1924
7916
7542
9609
913
3505
4514
2
7764
3847
2493
1189
1761
8048
8725
505
8189
6786
7207
3765
5710
9034
4524
1742
4021
3599
8393
3356
927
9472
3787
9184
6265
502
5120
9335
1975
5039
150
2704
2431
4897
3489
8
3824
1623
1486
322
7720
4364
3658
2576
5909
6388
4259
5120
2134
3751
4045
5126
4421
5707
4388
4703
5299
7196
1590
658
8097
6959
3043
3842
55
4328
5175
3291
3861
3954
95
7207
5588
1730
2031
1400
9969
3516
9171
3884
5395
6357
9230
9723
5044
1604
3838
4918
5818
611
52
3393
7314
6027
6974
9253
2428
8241
3827
603
9157
1441
1388
8446
7020
556
1014
4329
6182
2550
2285
1466
379
6820
2261
2443
1133
9335
3634
6575
5415
7928
2359
7922
6194
2551
8234
902
5746
3215
1253
2549
9638
866
2554
9900
4450
6742
1108
4159
7818
3791
7442
7016
8553
4038
2890
7300
4359
4314
4773
2930
3103
2251
1258
6955
5680
7255
8206
8939
9985
2412
2268
6735
1929
6100
4187
9128
9879
8094
2227
5346
1494
6404
9328
2588
9254
3051
8882
8886
5231
9070
8739
8925
1321
3880
6357
9048
3970
9616
4169
1625
4749
7687
378
2532
7929
9202
4925
738
2681
7194
2310
672
2586
6720
8974
5983
7653
5455
2612
1948
1615
1097
871
6510
5608
4063
3451
1599
42
1291
908
2658
4150
1310
5494
1344
291
4613
9089
2472
4919
3734
7508
8721
7705
241
9945
6282
3907
6286
1144
6845
5791
2149
3639
3983
9808
2947
6633
6024
7955
108
7396
7614
320
4220
5508
1878
4731
2919
101
5855
213
4352
6214
4747
8464
2006
6345
1494
5277
3174
399
6534
438
147
2291
924
7125
6614
79
1697
7186
3230
1970
6240
599
1188
4711
4052
1883
4260
6280
6177
3575
4627
7258
6446
2269
8643
6818
3904
2249
7466
9620
1931
9776
388
8916
8816
6477
5560
5966
