8187
7729
9838
7229
8543
5056
7768
5188
3432
7729
7059
2509
9210
8859
3799
8144
6290
9735
3093
7815
1220
3665
3432
4914
6667
6645
6775
4540
5723
1271
804
4238
2335
208
6290
1260
2261
9787
1656
5562
3387
884
4238
8187
4476
1270
5291
1161
1490
3668
1490
6388
9537
6344
4296
6268
2000
355
2217
3799
208
3835
5077
4171
478
5077
8692
706
4579
6498
1662
6313
6404
2951
4167
3806
6799
8763
6861
607
9874
8692
3665
8853
3995
3652
2472
9628
1307
4296
6419
2645
1018
8045
1723
2077
6344
804
3875
9988
5714
5034
2280
2449
8195
2116
1389
6458
2077
5714
5498
7258
6419
2951
8296
3890
7579
8446
1019
8781
125
9408
6173
460
2639
7257
9068
3668
3686
3279
3924
5382
7722
4335
655
1964
10
283
6608
4849
6934
2945
1932
768
3279
4355
126
4167
8761
4895
9401
6667
1902
542
7621
3896
3078
5377
9962
7524
319
1969
5205
7850
5594
2179
6326
6905
1237
1624
1279
6332
4708
9700
4337
5540
4760
5170
3825
1446
5538
5696
3584
4854
8424
2599
779
6268
305
6508
1625
213
4367
5221
1169
7473
7173
3868
7522
6689
3657
3293
4355
480
8451
2851
61
3185
6289
1075
9759
4173
9569
7775
6689
3523
8731
4544
4959
4819
3176
61
9995
1244
9135
235
9475
7621
1888
5014
5142
1878
8474
2617
5205
8151
6355
3636
7480
8092
8092
2335
4213
5551
1926
1151
4050
8790
5383
7586
3102
1902
9915
1036
8829
1868
3178
4197
8563
5520
4383
5139
494
4737
2836
5017
2366
2165
3144
8820
5582
1707
6725
2832
6433
4267
5286
9988
2596
1019
4364
4143
6198
2324
7420
9040
8669
7829
5600
8398
3745
4274
8744
4893
5803
9027
3611
90
7224
9980
1329
4158
1366
2092
1467
577
2960
6628
9918
7597
638
373
6598
7850
9894
2271
8660
1233
776
6376
3403
7825
6419
6167
4893
8005
4827
7285
491
638
8560
2104
5974
1922
9136
8827
4169
76
7737
4305
6038
563
6794
7582
5816
3720
492
3415
2533
5886
2613
2216
4318
8774
5489
9489
711
8765
3584
2836
3921
5609
22
3282
605
8827
3806
2655
1941
4885
4190
8991
2752
3858
5453
247
2922
9789
6147
799
5133
625
5803
8173
213
399
7973
5410
711
3983
2517
2226
1650
9979
4666
6952
3414
4960
638
6187
4282
2804
916
7978
464
8423
3502
324
5728
6261
9188
8533
5101
8264
8565
511
4113
5790
7939
373
7116
3304
2131
5436
2597
4143
2075
7804
3668
6316
3823
8812
8741
7263
8812
8427
4849
6040
8235
5092
9925
3954
2981
7043
4490
8533
1150
3481
4643
541
2870
2716
3487
8002
6843
5720
4414
5925
7813
1735
3401
9505
1936
7317
5036
6928
5768
8908
9849
2123
2918
1785
8809
1318
2923
8317
6513
7164
7366
475
2280
9950
6383
2345
2948
7228
3295
5150
6121
3244
8182
7491
8603
6075
3743
4683
4513
1087
8557
4577
2047
3861
5171
577
7845
5574
2952
7250
319
2144
5480
6487
6517
543
9924
7972
9934
4274
2493
8381
8557
6224
1894
1234
3905
907
2839
8947
3636
4420
4528
5588
4705
3372
3743
6948
9865
1540
208
1658
3732
6815
3859
6396
8935
8331
7491
4500
7125
6453
9097
2744
1501
5590
2157
7636
7450
415
8036
1159
8154
4916
6442
4249
9740
2749
3668
4274
7972
1046
9651
2948
7457
4750
7096
8011
4808
2596
8422
921
9671
4002
4194
1733
1802
2823
3695
4245
5767
5778
4412
7112
8994
3719
2995
9668
7059
5995
7061
9888
3415
9778
3073
8853
9715
5158
8852
9849
7766
2259
6115
1665
7818
7240
4467
5889
4238
7371
6965
7090
6436
7133
1330
248
6408
4054
5752
9544
902
9916
9420
776
9316
3875
8125
6965
8666
9316
6264
7734
1412
4244
8991
9201
1353
6655
1882
552
8907
4428
9548
7766
6173
2561
5464
3011
9040
7299
3682
2676
4843
7545
5582
63
4840
9608
8369
9483
5808
8262
2372
8649
6964
9135
1734
475
3907
8447
1552
5061
3222
3415
2445
2900
6290
9002
5703
7315
3384
3648
1867
8818
6993
1465
5908
9012
5903
3399
8951
7304
5588
6025
5192
4476
2467
4267
6356
782
7285
2839
6084
2914
6941
7766
8504
548
9370
5174
5017
2142
4403
2364
8114
3046
4715
9009
5074
5903
6133
9977
8339
6893
88
5998
9661
8913
7698
2378
8461
4146
6953
7265
4124
2597
9459
570
7382
7606
4031
406
4274
7379
410
8385
4504
6775
6470
6572
8916
3867
3366
5903
7298
5152
8098
7127
9417
310
5234
3364
7342
7402
3474
898
6861
6119
9938
1780
8631
9808
8934
3781
2818
9777
7871
9448
3626
262
4617
452
1196
2725
8923
6928
1418
2485
4692
3835
8
9416
4714
6072
61
5934
4444
6196
1663
6567
1772
1416
5491
9104
2410
453
9847
9356
9485
8577
3095
1335
5488
2947
3720
1439
1161
1912
4906
2583
2296
7536
4496
1000
4580
9625
8182
1762
253
6501
6662
7729
6002
9865
3562
3187
180
1062
5141
5046
5835
903
2449
2585
174
971
5165
264
9094
7809
4218
4650
7247
7240
6836
2717
8743
4790
9092
8623
6507
7136
5951
4119
7400
8801
8416
3644
3680
9379
7854
7090
704
7414
1102
1649
1150
3212
2228
6598
2322
5148
3507
7651
538
9839
2626
1698
1968
5145
1344
137
8154
8782
5019
3283
4642
9257
9609
897
1856
5471
6025
3076
1017
4077
7059
1497
8123
76
980
695
4171
8203
3207
832
6977
9921
2226
834
6643
5305
8376
3697
3963
8948
2973
2318
6941
9736
4639
7942
5253
7173
4699
4790
2366
7173
9664
2165
3691
6630
8476
3885
9136
4214
8240
7496
8715
1472
1064
2809
3113
4786
7268
4763
7240
1578
1370
7384
3982
227
8569
31
4124
1124
6258
8473
5001
542
5681
2512
2692
6876
2478
8893
1267
7665
5763
2500
98
4687
800
4313
5705
8240
6752
6772
815
3253
4680
5720
