2
2
3
3
6
6
6
6
8
10
10
10
11
11
12
12
16
17
19
21
27
28
29
29
33
33
37
38
38
39
40
40
42
42
44
46
46
48
48
48
50
50
51
52
52
53
54
54
55
57
57
57
58
59
59
59
60
61
61
61
62
66
66
69
69
70
70
70
71
72
73
75
76
79
79
84
85
85
86
86
86
89
89
89
90
91
92
93
94
94
94
95
95
95
96
96
97
99
99
99
101
101
103
103
104
105
107
108
109
109
112
112
113
114
116
116
117
117
118
120
120
120
121
123
126
126
127
127
128
128
129
130
130
133
134
134
137
137
141
141
143
144
146
147
147
149
149
150
150
150
151
151
152
152
153
153
158
162
163
165
166
166
167
167
172
172
176
176
176
177
177
180
180
180
181
181
182
182
186
188
189
191
191
192
193
193
195
195
196
198
198
198
199
200
201
201
202
202
203
203
205
207
207
208
208
210
211
211
211
213
213
213
213
217
218
218
222
224
224
225
226
226
226
226
228
228
228
229
230
230
231
232
233
233
234
234
236
237
238
239
241
241
241
241
241
241
245
245
247
247
247
247
247
248
248
253
253
254
254
255
255
256
257
257
257
259
259
260
261
262
262
263
264
265
266
268
268
269
269
271
272
273
273
273
275
282
282
283
284
284
285
287
288
288
288
289
291
291
293
293
297
297
298
299
299
302
302
303
304
306
306
310
311
311
311
312
312
314
314
314
315
315
315
316
316
317
318
320
321
322
322
322
322
323
325
326
326
326
326
327
327
330
330
331
331
332
332
335
336
337
337
340
341
341
342
343
345
346
349
350
351
356
357
360
363
365
366
366
366
366
368
368
369
369
371
371
373
374
376
376
376
377
377
378
378
379
380
384
386
388
388
388
389
389
390
392
395
395
395
397
399
399
399
399
399
400
402
403
403
404
406
406
406
407
407
408
408
409
411
411
411
411
411
416
416
417
418
419
419
423
423
427
427
428
430
430
430
434
435
435
436
438
438
439
442
442
444
447
447
447
447
447
448
450
450
451
452
453
453
454
454
459
460
460
460
460
461
461
462
465
467
469
470
471
471
473
474
475
476
478
479
480
481
483
485
486
488
491
491
492
494
494
495
498
499
499
500
501
502
502
504
505
505
505
505
505
507
507
508
508
509
513
514
516
516
517
518
518
519
519
520
520
522
523
523
525
525
528
530
532
533
533
534
534
535
535
535
535
536
537
539
541
541
542
542
542
547
548
548
549
549
550
552
554
555
555
555
555
555
556
561
561
562
564
564
564
565
565
566
566
567
568
568
570
570
571
572
573
573
576
576
577
577
580
582
582
582
583
583
584
585
586
586
586
587
587
587
589
589
590
591
592
593
593
594
594
596
596
597
597
598
598
599
599
601
601
601
602
603
606
607
608
608
609
610
611
617
617
617
617
620
621
621
623
623
623
624
624
624
624
627
628
628
629
629
631
631
632
632
632
634
635
637
637
639
639
640
640
641
645
648
649
650
650
650
651
651
653
653
653
654
655
655
657
658
658
659
659
660
663
666
671
671
672
673
674
675
676
677
678
683
684
685
688
690
691
692
693
693
694
694
694
695
695
695
697
698
701
703
704
704
706
706
707
708
709
710
711
713
713
713
714
715
715
717
717
718
719
719
720
720
720
722
722
724
726
726
727
727
730
734
734
734
736
738
739
739
739
739
740
740
743
746
751
751
755
757
759
761
766
766
767
767
768
768
768
769
770
770
770
772
776
776
776
778
778
780
781
781
782
782
783
783
783
784
786
787
787
788
788
790
790
792
793
796
799
799
801
801
803
804
805
805
807
809
809
809
812
812
812
812
814
816
819
820
820
821
821
822
822
822
822
822
822
823
824
825
825
825
826
830
830
831
833
834
834
836
836
836
836
836
837
838
838
840
840
840
840
845
845
846
846
847
847
849
851
854
855
857
857
857
859
866
866
866
866
868
868
869
871
871
871
871
872
872
873
874
877
878
878
878
879
879
879
881
881
882
883
884
885
887
888
890
893
893
893
893
896
896
897
898
899
899
900
901
902
902
903
904
904
905
906
907
908
908
909
910
910
910
912
912
912
912
913
913
913
914
915
919
919
919
919
919
920
923
924
925
927
927
928
929
929
929
931
931
931
932
933
935
935
936
936
937
939
941
942
943
945
947
947
951
951
952
954
954
954
956
956
956
957
957
957
961
965
965
965
966
966
966
967
967
968
968
969
971
971
972
972
974
975
977
977
979
980
980
980
980
982
983
985
987
991
992
993
993
994
994
994
994
995
995
999
1000
1001
1002
1002
1003
1004
1004
1005
1005
1008
1008
1010
1011
1011
1012
1014
1015
1015
1016
1019
1020
1020
1024
1026
1028
1028
1028
1028
1029
1029
1029
1030
1032
1034
1034
1035
1036
1039
1040
1040
1040
1041
1042
1042
1042
1043
1045
1045
1046
1048
1050
1050
1051
1051
1052
1053
1055
1055
1056
1056
1056
1059
1059
1060
1060
1061
1061
1061
1062
1063
1064
1064
1064
1065
1065
1066
1068
1068
1071
1072
1075
1077
1077
1078
1080
1083
1083
1086
1086
1087
1087
1089
1092
1092
1092
1094
1094
1094
1095
1096
1096
1097
1097
1097
1098
1100
1101
1101
1101
1103
1103
1105
1105
1105
1106
1106
1106
1108
1109
1109
1110
1111
1111
1113
1113
1114
1115
1115
1116
1116
1117
1117
1118
1118
1119
1120
1120
1120
1121
1124
1124
1126
1126
1126
1127
1127
1127
1127
1129
1129
1130
1131
1131
1131
1131
1132
1133
1133
1133
1135
1135
1136
1136
1137
1137
1138
1138
1141
1142
1142
1142
1143
1144
1144
1144
1145
1145
1146
1148
1150
1150
1150
1151
1151
1152
1152
1152
1155
1156
1160
1160
1161
1161
1161
1163
1164
1164
1165
1166
1166
1166
1167
1168
1168
1170
1170
1171
1171
1177
1178
1179
1182
1182
1183
1183
1184
1184
1185
1185
1185
1186
1186
1188
1188
1188
1188
1189
1190
1191
1194
1195
1199
1199
1199
1200
1201
1202
1202
1203
1204
1204
1206
1206
1207
1207
1207
1208
1209
1209
1212
1213
1214
1214
1217
1219
1221
1222
1223
1223
1227
1232
1232
1232
1232
1233
1233
1236
1237
1237
1238
1238
1239
1239
1240
1241
1241
1242
1243
1244
1244
1244
1244
1245
1246
1247
1247
1247
1249
1251
1253
1253
1254
1254
1254
1254
1255
1255
1257
1257
1258
1259
1259
1259
1262
1262
1265
1266
1266
1266
1266
1270
1271
1271
1272
1275
1283
1284
1285
1287
1289
1289
1289
1290
1290
1291
1291
1291
1292
1292
1292
1292
1293
1293
1293
1296
1297
1298
1299
1301
1302
1302
1303
1303
1304
1304
1307
1309
1310
1310
1310
1312
1313
1313
1313
1314
1316
1317
1317
1317
1317
1319
1320
1321
1321
1321
1321
1322
1324
1324
1325
1327
1327
1328
1329
1330
1331
1332
1333
1334
1335
1336
1336
1337
1337
1337
1338
1339
1340
1341
1342
1342
1343
1344
1344
1344
1345
1346
1347
1347
1347
1348
1349
1349
1349
1352
1353
1354
1355
1357
1360
1361
1362
1366
1366
1368
1369
1370
1370
1372
1376
1381
1382
1383
1384
1385
1387
1387
1387
1388
1390
1392
1395
1395
1395
1400
1400
1400
1403
1403
1404
1404
1404
1407
1408
1409
1414
1414
1414
1415
1415
1416
1417
1417
1418
1418
1420
1425
1425
1429
1430
1431
1431
1437
1438
1438
1438
1438
1439
1439
1441
1442
1443
1443
1445
1445
1447
1448
1449
1449
1452
1452
1452
1454
1454
1454
1455
1455
1456
1458
1458
1460
1461
1462
1463
1464
1466
1466
1467
1468
1469
1469
1469
1472
1474
1474
1475
1476
1477
1478
1481
1481
1482
1482
1483
1483
1484
1485
1486
1488
1488
1489
1491
1491
1491
1492
1493
1494
1494
1495
1495
1496
1499
1499
1500
1500
1500
1501
1502
1504
1505
1506
1512
1512
1513
1513
1513
1515
1515
1515
1515
1516
1518
1518
1519
1521
1521
1521
1522
1522
1525
1526
1526
1527
1529
1529
1531
1531
1532
1533
1534
1536
1542
1544
1545
1546
1546
1549
1549
1550
1551
1556
1557
1558
1558
1558
1561
1562
1563
1563
1566
1566
1567
1568
1568
1569
1570
1570
1571
1572
1572
1572
1573
1574
1574
1574
1574
1576
1577
1578
1578
1579
1579
1579
1581
1583
1583
1583
1585
1585
1586
1586
1587
1587
1588
1588
1589
1590
1590
1590
1591
1592
1594
1594
1594
1595
1595
1596
1597
1598
1598
1598
1599
1601
1603
1603
1603
1604
1604
1604
1604
1605
1608
1609
1611
1613
1614
1614
1615
1616
1616
1616
1616
1617
1617
1618
1618
1618
1619
1619
1619
1619
1621
1622
1623
1623
1624
1624
1625
1625
1626
1632
1634
1634
1634
1635
1635
1636
1637
1638
1638
1639
1640
1642
1646
1648
1648
1649
1652
1652
1652
1653
1653
1654
1654
1655
1656
1658
1658
1660
1662
1662
1663
1664
1664
1665
1666
1669
1671
1671
1671
1674
1674
1678
1678
1680
1683
1684
1687
1688
1689
1689
1691
1691
1692
1692
1694
1695
1695
1697
1697
1700
1702
1702
1702
1703
1704
1706
1706
1707
1707
1707
1708
1709
1709
1710
1710
1710
1712
1712
1715
1716
1717
1717
1717
1719
1722
1726
1727
1727
1729
1730
1731
1731
1732
1732
1733
1734
1734
1734
1736
1737
1739
1739
1740
1741
1741
1741
1742
1746
1747
1747
1747
1748
1750
1752
1752
1752
1753
1753
1754
1754
1754
1754
1757
1758
1758
1758
1758
1759
1760
1760
1761
1761
1761
1761
1762
1762
1763
1763
1764
1765
1765
1766
1767
1768
1768
1769
1771
1771
1771
1773
1776
1779
1780
1780
1783
1787
1788
1789
1790
1790
1791
1791
1793
1794
1794
1794
1794
1796
1799
1803
1804
1804
1806
1806
1807
1808
1808
1808
1809
1809
1810
1811
1811
1811
1811
1812
1812
1813
1818
1820
1820
1821
1821
1821
1827
1827
1828
1829
1829
1832
1832
1832
1832
1834
1835
1835
1838
1839
1839
1842
1842
1843
1843
1844
1844
1844
1845
1846
1847
1849
1849
1851
1851
1852
1852
1853
1853
1854
1856
1858
1859
1863
1863
1863
1863
1864
1866
1866
1866
1867
1868
1868
1871
1871
1872
1873
1875
1878
1879
1879
1880
1882
1883
1885
1885
1885
1885
1885
1886
1887
1888
1888
1890
1890
1896
1897
1897
1901
1901
1903
1903
1903
1906
1907
1909
1912
1912
1912
1913
1915
1915
1916
1916
1916
1916
1917
1917
1919
1921
1924
1925
1927
1928
1928
1928
1928
1928
1929
1929
1929
1931
1933
1933
1934
1934
1935
1936
1939
1939
1941
1942
1942
1943
1943
1945
1945
1946
1946
1947
1947
1948
1952
1952
1954
1956
1957
1957
1958
1958
1958
1959
1959
1960
1961
1961
1962
1962
1964
1965
1968
1969
1969
1970
1974
1975
1975
1975
1976
1976
1977
1977
1978
1978
1978
1984
1985
1985
1986
1987
1988
1989
1990
1993
1993
1995
1996
1997
1997
1997
1998
1998
1999
2002
2002
2002
2004
2005
2006
2006
2006
2007
2009
2009
2010
2011
2013
2013
2013
2015
2016
2019
2019
2019
2020
2024
2024
2025
2028
2029
2031
2031
2032
2032
2032
2033
2035
2035
2036
2038
2039
2040
2041
2044
2044
2046
2047
2049
2049
2049
2056
2057
2057
2059
2059
2061
2063
2063
2064
2066
2069
2071
2071
2071
2072
2072
2072
2072
2073
2073
2075
2076
2077
2077
2077
2080
2083
2083
2085
2085
2086
2086
2088
2088
2091
2091
2096
2096
2096
2100
2100
2104
2105
2105
2105
2105
2105
2108
2108
2111
2111
2113
2113
2113
2115
2115
2115
2115
2117
2118
2118
2120
2122
2122
2126
2126
2126
2126
2126
2127
2128
2129
2129
2131
2131
2132
2133
2133
2133
2133
2133
2134
2134
2134
2135
2137
2137
2138
2141
2141
2143
2145
2145
2146
2147
2147
2148
2148
2149
2149
2150
2150
2150
2151
2151
2153
2154
2154
2154
2155
2160
2162
2162
2162
2162
2164
2164
2165
2166
2166
2169
2170
2170
2171
2171
2172
2172
2172
2177
2177
2177
2177
2178
2178
2179
2180
2183
2183
2190
2190
2190
2191
2191
2194
2195
2195
2195
2198
2199
2199
2199
2202
2203
2207
2208
2208
2209
2209
2209
2211
2215
2216
2216
2216
2219
2220
2220
2222
2222
2222
2223
2223
2223
2225
2225
2227
2227
2232
2232
2232
2233
2235
2235
2238
2239
2241
2241
2243
2244
2244
2244
2248
2248
2249
2249
2249
2250
2251
2254
2254
2254
2256
2258
2259
2259
2260
2260
2260
2261
2267
2267
2268
2268
2269
2269
2271
2274
2274
2275
2276
2276
2276
2277
2277
2278
2278
2278
2279
2280
2283
2283
2284
2285
2285
2287
2289
2291
2291
2291
2292
2293
2294
2294
2294
2295
2295
2296
2297
2297
2298
2298
2298
2299
2300
2300
2301
2301
2301
2304
2306
2307
2309
2309
2309
2310
2311
2313
2314
2314
2316
2318
2319
2320
2321
2322
2322
2324
2325
2326
2328
2331
2332
2334
2335
2335
2335
2336
2336
2337
2338
2338
2342
2346
2346
2346
2347
2347
2347
2350
2352
2352
2352
2353
2353
2353
2353
2354
2355
2356
2357
2357
2357
2358
2358
2358
2359
2359
2359
2360
2361
2366
2366
2366
2366
2369
2370
2370
2370
2371
2373
2373
2373
2373
2373
2373
2375
2375
2378
2378
2382
2383
2383
2385
2385
2386
2387
2387
2390
2396
2396
2396
2397
2397
2398
2398
2399
2400
2401
2405
2406
2406
2407
2408
2411
2412
2412
2413
2413
2413
2414
2414
2415
2416
2418
2418
2419
2419
2423
2423
2423
2423
2424
2424
2424
2427
2427
2428
2429
2429
2429
2431
2432
2432
2434
2436
2439
2443
2443
2443
2444
2444
2444
2444
2445
2447
2448
2448
2449
2449
2450
2451
2451
2451
2453
2454
2454
2454
2455
2456
2456
2457
2458
2458
2459
2461
2464
2465
2466
2468
2468
2469
2470
2471
2471
2472
2472
2474
2476
2477
2478
2479
2479
2482
2482
2485
2485
2485
2485
2486
2487
2487
2489
2493
2493
2495
2496
2496
2499
2502
2502
2503
2503
2503
2503
2503
2505
2506
2509
2511
2512
2513
2515
2516
2516
2517
2517
2517
2519
2521
2523
2523
2523
2524
2526
2528
2529
2530
2531
2532
2532
2533
2533
2534
2538
2538
2539
2540
2541
2541
2541
2543
2546
2546
2547
2548
2549
2549
2550
2551
2551
2552
2553
2554
2554
2555
2556
2558
2558
2561
2562
2564
2565
2566
2566
2570
2570
2572
2573
2575
2576
2576
2577
2578
2578
2580
2580
2581
2581
2582
2582
2582
2582
2582
2583
2584
2584
2585
2586
2586
2587
2587
2588
2590
2593
2593
2595
2595
2598
2600
2600
2600
2600
2601
2602
2603
2605
2605
2607
2609
2609
2610
2610
2612
2613
2613
2614
2614
2615
2618
2619
2619
2620
2620
2623
2623
2624
2625
2625
2626
2626
2629
2629
2632
2632
2633
2634
2634
2638
2638
2639
2642
2648
2649
2651
2651
2652
2652
2655
2655
2655
2655
2656
2657
2657
2657
2658
2658
2659
2660
2662
2662
2662
2665
2665
2666
2667
2668
2669
2669
2671
2672
2673
2674
2677
2677
2680
2680
2681
2681
2681
2681
2683
2684
2684
2685
2685
2685
2694
2695
2695
2695
2698
2698
2698
2698
2699
2699
2700
2700
2702
2703
2704
2704
2704
2706
2708
2708
2709
2709
2710
2711
2712
2712
2713
2713
2715
2718
2719
2720
2722
2724
2724
2726
2727
2728
2728
2728
2728
2729
2729
2733
2733
2733
2734
2734
2735
2736
2737
2738
2738
2739
2741
2745
2745
2746
2747
2747
2747
2749
2749
2750
2752
2753
2754
2754
2754
2758
2758
2758
2761
2762
2762
2767
2768
2768
2770
2770
2775
2776
2777
2778
2779
2780
2780
2780
2781
2783
2784
2784
2784
2784
2785
2786
2787
2787
2788
2789
2789
2790
2790
2791
2792
2792
2793
2795
2796
2798
2800
2800
2801
2803
2804
2805
2806
2808
2808
2809
2812
2812
2812
2814
2818
2818
2820
2822
2823
2823
2823
2824
2824
2827
2828
2828
2828
2829
2831
2832
2833
2833
2834
2834
2835
2836
2837
2838
2839
2839
2844
2845
2845
2845
2846
2846
2846
2847
2847
2847
2849
2850
2851
2851
2852
2852
2853
2853
2854
2854
2854
2854
2856
2857
2858
2861
2862
2862
2863
2866
2866
2867
2867
2868
2868
2868
2869
2870
2871
2874
2874
2875
2876
2877
2877
2877
2880
2880
2884
2884
2884
2885
2886
2890
2891
2891
2892
2892
2892
2893
2893
2894
2894
2896
2897
2899
2899
2899
2900
2907
2907
2910
2912
2915
2917
2918
2919
2919
2921
2921
2923
2923
2923
2925
2926
2927
2928
2929
2929
2929
2930
2932
2933
2933
2934
2935
2935
2935
2939
2940
2940
2940
2941
2942
2945
2945
2945
2946
2946
2947
2947
2947
2948
2951
2951
2952
2954
2958
2962
2962
2963
2963
2966
2966
2967
2967
2970
2971
2971
2972
2972
2973
2973
2973
2976
2978
2981
2984
2985
2985
2987
2987
2987
2988
2988
2989
2990
2992
2993
2995
2996
2998
2998
2998
2999
2999
3001
3002
3003
3003
3003
3003
3005
3005
3006
3010
3011
3011
3012
3014
3015
3018
3018
3019
3020
3020
3022
3022
3024
3024
3026
3027
3029
3032
3033
3034
3035
3035
3038
3038
3040
3041
3043
3044
3044
3045
3047
3047
3048
3050
3050
3051
3053
3054
3055
3055
3056
3058
3064
3064
3064
3064
3066
3067
3067
3067
3068
3068
3068
3069
3069
3071
3072
3076
3076
3076
3079
3079
3081
3083
3084
3084
3084
3084
3084
3086
3087
3087
3087
3089
3091
3093
3094
3095
3097
3097
3098
3099
3099
3100
3101
3101
3101
3103
3103
3107
3109
3112
3112
3113
3113
3115
3115
3115
3115
3115
3117
3117
3117
3120
3121
3122
3122
3123
3123
3124
3124
3124
3124
3129
3129
3130
3131
3135
3137
3137
3138
3139
3139
3139
3140
3142
3143
3144
3147
3147
3147
3147
3148
3148
3149
3153
3154
3156
3156
3159
3159
3159
3159
3161
3162
3162
3162
3165
3167
3167
3169
3169
3169
3170
3170
3174
3174
3174
3175
3175
3176
3179
3179
3180
3181
3181
3185
3185
3185
3186
3186
3187
3187
3188
3188
3191
3191
3191
3193
3194
3195
3195
3199
3199
3199
3200
3203
3204
3205
3205
3206
3206
3206
3207
3209
3211
3211
3211
3211
3212
3213
3214
3215
3218
3218
3218
3220
3220
3222
3222
3224
3225
3226
3226
3227
3228
3229
3230
3230
3231
3232
3233
3233
3235
3236
3236
3237
3241
3243
3244
3246
3248
3250
3250
3252
3254
3254
3256
3256
3256
3257
3258
3259
3260
3261
3265
3267
3269
3269
3271
3272
3277
3277
3280
3283
3286
3287
3287
3290
3291
3294
3295
3295
3295
3299
3300
3301
3302
3302
3302
3306
3306
3306
3307
3308
3308
3311
3314
3315
3317
3319
3319
3322
3322
3323
3323
3326
3327
3327
3328
3330
3331
3331
3334
3335
3335
3335
3336
3336
3337
3337
3337
3337
3338
3342
3342
3343
3343
3344
3345
3346
3347
3349
3349
3350
3351
3352
3353
3356
3356
3356
3357
3358
3359
3360
3363
3364
3365
3366
3367
3368
3369
3371
3371
3372
3373
3374
3375
3375
3376
3376
3377
3380
3380
3381
3381
3383
3383
3383
3384
3385
3385
3388
3388
3388
3391
3391
3391
3391
3391
3392
3393
3393
3393
3393
3394
3394
3394
3395
3397
3397
3398
3400
3400
3402
3403
3403
3405
3405
3406
3406
3408
3411
3413
3415
3418
3422
3422
3423
3424
3425
3426
3427
3428
3428
3428
3428
3429
3430
3430
3431
3434
3434
3434
3436
3436
3437
3437
3438
3438
3438
3440
3440
3440
3441
3442
3442
3443
3444
3444
3444
3447
3447
3451
3453
3456
3456
3456
3459
3460
3461
3462
3466
3467
3468
3468
3468
3471
3471
3473
3473
3473
3473
3474
3477
3478
3478
3482
3483
3483
3484
3484
3485
3485
3485
3488
3488
3489
3489
3490
3492
3493
3493
3494
3494
3494
3495
3498
3498
3499
3501
3502
3502
3504
3504
3504
3505
3505
3506
3507
3509
3511
3511
3512
3513
3513
3513
3515
3516
3516
3516
3518
3518
3518
3518
3520
3523
3523
3523
3523
3530
3531
3531
3534
3535
3538
3538
3539
3539
3539
3540
3544
3546
3547
3547
3547
3549
3549
3549
3551
3551
3555
3556
3557
3559
3561
3561
3561
3562
3562
3563
3563
3565
3567
3568
3569
3569
3570
3571
3571
3571
3571
3572
3572
3573
3573
3574
3574
3575
3576
3577
3578
3578
3579
3580
3581
3585
3590
3590
3591
3591
3593
3593
3594
3599
3600
3601
3602
3604
3605
3606
3606
3607
3607
3613
3613
3616
3617
3618
3621
3621
3622
3622
3623
3625
3625
3626
3626
3626
3629
3632
3632
3633
3634
3634
3635
3636
3636
3637
3638
3639
3639
3639
3639
3640
3640
3642
3643
3643
3643
3645
3645
3646
3647
3648
3648
3648
3649
3649
3651
3651
3652
3653
3654
3654
3656
3658
3662
3667
3667
3669
3670
3671
3672
3673
3673
3673
3673
3674
3674
3674
3674
3674
3675
3677
3678
3679
3679
3679
3680
3681
3683
3686
3688
3689
3690
3690
3691
3693
3694
3695
3695
3698
3699
3700
3701
3701
3704
3708
3713
3716
3716
3716
3718
3719
3719
3719
3719
3719
3720
3721
3721
3723
3724
3724
3728
3729
3729
3729
3729
3730
3730
3731
3731
3732
3734
3734
3735
3736
3736
3739
3739
3741
3741
3741
3742
3742
3744
3746
3747
3748
3748
3749
3751
3752
3754
3755
3757
3760
3761
3761
3761
3762
3763
3764
3764
3765
3765
3765
3768
3768
3768
3771
3772
3772
3775
3779
3779
3782
3783
3783
3784
3784
3785
3785
3787
3787
3788
3789
3790
3791
3791
3791
3791
3791
3791
3792
3793
3793
3798
3798
3801
3803
3804
3804
3804
3805
3806
3806
3807
3807
3811
3811
3811
3812
3812
3814
3816
3816
3816
3818
3819
3819
3819
3822
3824
3824
3824
3824
3827
3827
3828
3829
3829
3830
3831
3831
3831
3832
3832
3833
3833
3833
3834
3834
3834
3834
3836
3836
3838
3840
3840
3840
3841
3842
3842
3843
3843
3846
3847
3850
3851
3853
3853
3854
3855
3855
3855
3856
3856
3856
3856
3857
3857
3858
3858
3858
3858
3859
3859
3861
3863
3864
3865
3865
3865
3866
3867
3868
3868
3868
3869
3872
3873
3877
3877
3878
3879
3880
3880
3881
3882
3884
3884
3886
3887
3888
3893
3894
3894
3895
3895
3898
3899
3899
3900
3901
3901
3901
3902
3903
3904
3904
3904
3905
3905
3906
3907
3908
3909
3909
3909
3910
3911
3914
3915
3916
3917
3918
3918
3919
3924
3924
3926
3927
3927
3927
3927
3927
3928
3928
3931
3933
3934
3937
3937
3937
3938
3938
3938
3940
3942
3942
3943
3944
3944
3944
3945
3945
3946
3948
3948
3950
3950
3953
3954
3954
3954
3955
3956
3961
3961
3961
3962
3963
3965
3966
3966
3967
3968
3968
3968
3969
3969
3970
3972
3972
3973
3974
3974
3974
3974
3975
3976
3980
3981
3981
3982
3983
3983
3983
3983
3984
3984
3986
3987
3989
3992
3992
3996
3997
3997
3999
3999
3999
4002
4004
4004
4004
4006
4007
4007
4007
4007
4009
4010
4010
4013
4014
4014
4015
4015
4016
4016
4017
4017
4017
4018
4018
4019
4020
4021
4022
4022
4023
4023
4024
4025
4025
4026
4027
4027
4028
4030
4031
4031
4031
4033
4033
4034
4034
4036
4037
4037
4037
4037
4038
4038
4038
4038
4039
4039
4040
4040
4040
4040
4041
4044
4044
4045
4046
4047
4047
4047
4048
4049
4050
4051
4052
4052
4053
4054
4055
4057
4058
4059
4060
4060
4063
4063
4063
4066
4066
4067
4069
4069
4070
4070
4070
4071
4072
4072
4072
4073
4073
4073
4074
4075
4077
4078
4078
4079
4080
4084
4084
4084
4086
4086
4086
4088
4089
4089
4093
4095
4095
4095
4100
4100
4100
4102
4103
4103
4104
4105
4105
4108
4109
4109
4110
4114
4116
4116
4117
4117
4117
4118
4118
4119
4119
4120
4120
4121
4123
4123
4123
4124
4125
4125
4128
4128
4130
4131
4131
4134
4134
4134
4136
4136
4138
4139
4139
4144
4144
4145
4146
4147
4148
4148
4150
4152
4152
4153
4154
4157
4157
4158
4159
4159
4159
4161
4162
4162
4163
4165
4165
4166
4166
4166
4167
4168
4169
4171
4171
4172
4175
4176
4176
4178
4179
4179
4179
4180
4181
4181
4181
4181
4182
4182
4184
4185
4186
4187
4188
4192
4194
4194
4195
4195
4196
4198
4199
4200
4201
4203
4203
4203
4205
4208
4208
4208
4212
4215
4215
4217
4219
4220
4220
4221
4222
4222
4223
4223
4223
4225
4225
4228
4228
4229
4230
4232
4232
4232
4233
4235
4235
4235
4235
4238
4238
4243
4243
4244
4244
4245
4246
4246
4247
4248
4249
4250
4250
4251
4254
4258
4258
4258
4259
4259
4260
4262
4263
4264
4266
4266
4266
4267
4267
4267
4269
4270
4272
4273
4273
4275
4276
4276
4277
4278
4279
4280
4280
4280
4280
4281
4281
4282
4283
4286
4286
4286
4288
4288
4293
4294
4297
4297
4298
4302
4302
4303
4303
4303
4304
4304
4304
4304
4305
4307
4308
4312
4312
4312
4312
4312
4313
4314
4314
4315
4315
4320
4320
4321
4321
4321
4323
4324
4324
4325
4325
4328
4329
4329
4333
4333
4335
4339
4341
4343
4346
4349
4350
4350
4350
4352
4352
4352
4352
4353
4353
4354
4354
4359
4359
4359
4361
4362
4362
4364
4364
4365
4367
4367
4367
4369
4369
4370
4371
4372
4372
4373
4373
4373
4374
4374
4374
4374
4375
4375
4375
4376
4377
4377
4379
4380
4381
4382
4383
4383
4385
4385
4385
4386
4386
4387
4387
4388
4388
4388
4389
4391
4395
4395
4397
4398
4401
4401
4404
4404
4404
4404
4406
4409
4411
4413
4414
4415
4415
4415
4416
4416
4416
4419
4419
4420
4420
4421
4421
4422
4424
4430
4431
4434
4435
4436
4436
4436
4438
4442
4446
4446
4447
4447
4447
4447
4448
4450
4450
4452
4453
4453
4454
4455
4455
4455
4456
4456
4459
4460
4461
4461
4461
4462
4462
4464
4465
4466
4467
4467
4468
4469
4469
4469
4471
4471
4477
4477
4477
4485
4485
4485
4486
4486
4490
4493
4493
4493
4493
4494
4494
4494
4495
4496
4497
4498
4499
4499
4500
4500
4501
4503
4503
4503
4504
4505
4506
4506
4508
4509
4510
4511
4514
4514
4514
4515
4515
4516
4516
4517
4518
4519
4519
4520
4520
4520
4521
4521
4523
4523
4523
4524
4524
4525
4528
4529
4531
4531
4534
4534
4534
4535
4535
4536
4536
4536
4537
4538
4540
4540
4543
4544
4546
4546
4546
4547
4548
4549
4549
4552
4553
4553
4559
4559
4562
4563
4564
4564
4564
4565
4567
4567
4569
4569
4571
4571
4573
4576
4576
4576
4578
4578
4578
4580
4580
4583
4583
4585
4586
4586
4587
4589
4591
4591
4591
4593
4593
4594
4595
4597
4599
4599
4600
4602
4602
4602
4603
4603
4603
4603
4604
4604
4604
4605
4605
4607
4607
4608
4611
4612
4613
4613
4613
4614
4614
4614
4615
4615
4617
4618
4618
4620
4623
4623
4625
4625
4626
4627
4629
4629
4629
4630
4631
4631
4631
4632
4633
4635
4636
4636
4640
4641
4641
4641
4643
4644
4644
4645
4646
4646
4646
4649
4649
4649
4650
4651
4652
4654
4654
4654
4654
4654
4656
4658
4659
4662
4663
4664
4666
4667
4667
4667
4668
4669
4670
4670
4671
4673
4674
4676
4678
4679
4679
4680
4680
4680
4681
4681
4685
4685
4686
4686
4687
4687
4688
4689
4692
4693
4695
4696
4696
4696
4696
4698
4698
4698
4702
4702
4703
4704
4705
4705
4706
4707
4710
4711
4712
4713
4713
4714
4715
4715
4718
4718
4718
4718
4719
4721
4721
4722
4723
4725
4727
4727
4727
4727
4729
4730
4730
4730
4731
4731
4732
4732
4733
4737
4737
4737
4738
4738
4740
4741
4744
4744
4744
4745
4745
4747
4747
4749
4749
4752
4753
4753
4756
4760
4761
4762
4762
4764
4764
4765
4765
4766
4766
4767
4769
4769
4771
4772
4772
4772
4773
4774
4776
4777
4777
4779
4780
4781
4783
4783
4785
4786
4787
4789
4791
4791
4794
4796
4797
4797
4799
4799
4800
4800
4802
4804
4805
4806
4807
4807
4807
4808
4808
4809
4809
4812
4816
4817
4817
4818
4819
4819
4820
4820
4821
4821
4823
4824
4826
4827
4828
4828
4829
4830
4830
4831
4832
4832
4833
4833
4834
4836
4836
4837
4842
4842
4843
4843
4844
4844
4846
4849
4849
4853
4853
4854
4855
4855
4861
4862
4864
4865
4866
4866
4866
4868
4870
4871
4871
4872
4872
4872
4874
4874
4874
4874
4875
4875
4877
4877
4880
4880
4882
4885
4885
4885
4885
4885
4887
4887
4887
4889
4889
4890
4891
4891
4894
4895
4895
4896
4896
4897
4897
4897
4900
4900
4903
4908
4908
4909
4909
4910
4910
4912
4912
4912
4913
4913
4914
4914
4914
4916
4916
4917
4917
4917
4918
4918
4919
4919
4920
4922
4923
4924
4925
4925
4925
4925
4925
4926
4927
4927
4929
4932
4933
4934
4934
4935
4935
4937
4938
4938
4939
4939
4942
4943
4948
4948
4948
4954
4954
4954
4956
4956
4959
4961
4963
4963
4968
4968
4968
4969
4969
4970
4970
4971
4971
4974
4975
4978
4979
4979
4979
4980
4983
4986
4986
4986
4987
4987
4989
4990
4990
4991
4991
4993
4993
4993
4993
4994
4994
4995
4995
4995
4995
4996
4998
4999
5000
5001
5001
5002
5005
5005
5008
5008
5008
5009
5009
5009
5011
5013
5016
5016
5018
5018
5018
5020
5021
5021
5021
5023
5023
5024
5026
5026
5028
5029
5029
5030
5030
5030
5033
5033
5033
5038
5039
5042
5042
5044
5044
5044
5044
5045
5045
5047
5049
5051
5053
5054
5054
5054
5055
5056
5057
5057
5059
5059
5059
5060
5060
5065
5065
5068
5068
5069
5071
5071
5071
5072
5074
5074
5076
5076
5078
5080
5081
5081
5082
5083
5083
5084
5084
5085
5085
5086
5086
5087
5088
5088
5088
5088
5089
5090
5092
5094
5094
5095
5100
5100
5100
5101
5102
5105
5106
5107
5107
5110
5112
5112
5113
5115
5115
5119
5120
5120
5120
5121
5122
5123
5124
5125
5125
5126
5126
5126
5127
5131
5132
5135
5137
5137
5137
5139
5139
5140
5143
5143
5143
5145
5147
5148
5149
5149
5151
5151
5152
5154
5156
5156
5156
5157
5158
5158
5158
5159
5159
5161
5161
5167
5167
5169
5169
5169
5172
5174
5174
5175
5175
5176
5176
5177
5179
5179
5181
5181
5183
5183
5184
5184
5185
5186
5187
5187
5189
5189
5190
5192
5193
5193
5193
5194
5195
5195
5197
5197
5198
5198
5201
5204
5204
5205
5205
5205
5205
5207
5209
5210
5210
5211
5212
5213
5213
5215
5216
5216
5219
5219
5220
5220
5220
5221
5221
5221
5223
5223
5224
5224
5225
5226
5227
5227
5231
5234
5234
5234
5235
5237
5238
5238
5239
5241
5243
5243
5244
5245
5246
5246
5246
5248
5250
5251
5251
5251
5252
5253
5257
5258
5258
5258
5263
5263
5263
5266
5266
5267
5268
5269
5271
5271
5271
5273
5273
5276
5277
5277
5277
5278
5279
5280
5280
5283
5283
5284
5286
5287
5287
5287
5289
5291
5291
5291
5292
5294
5294
5294
5296
5296
5298
5299
5299
5299
5299
5300
5303
5304
5306
5311
5313
5317
5318
5318
5318
5323
5325
5325
5325
5325
5326
5326
5326
5329
5330
5332
5332
5338
5338
5338
5338
5341
5342
5343
5343
5343
5343
5343
5346
5347
5347
5348
5350
5351
5351
5352
5354
5355
5356
5356
5356
5356
5357
5358
5358
5358
5360
5363
5365
5366
5366
5367
5367
5368
5368
5370
5370
5371
5372
5373
5374
5374
5376
5376
5378
5383
5384
5384
5385
5386
5387
5388
5388
5391
5391
5392
5394
5395
5396
5396
5397
5397
5401
5403
5403
5404
5404
5404
5406
5408
5408
5410
5412
5413
5414
5415
5415
5416
5417
5419
5421
5423
5426
5427
5429
5431
5431
5431
5435
5437
5437
5437
5438
5439
5439
5439
5440
5440
5443
5443
5445
5447
5447
5450
5450
5452
5454
5455
5455
5456
5459
5461
5461
5461
5464
5466
5469
5469
5471
5471
5473
5474
5474
5475
5476
5476
5477
5477
5477
5478
5480
5481
5484
5485
5485
5486
5486
5486
5487
5491
5493
5494
5496
5496
5496
5497
5501
5502
5502
5502
5506
5507
5508
5508
5509
5511
5511
5512
5514
5514
5515
5515
5516
5516
5516
5517
5518
5518
5521
5522
5522
5524
5526
5527
5527
5528
5530
5530
5532
5532
5532
5535
5536
5538
5541
5541
5542
5542
5543
5548
5548
5549
5549
5550
5554
5554
5554
5555
5555
5557
5558
5558
5559
5560
5560
5560
5560
5560
5562
5563
5563
5566
5566
5567
5567
5568
5570
5570
5571
5571
5571
5572
5572
5572
5573
5573
5575
5575
5575
5576
5576
5577
5580
5582
5582
5583
5583
5583
5584
5584
5585
5587
5587
5588
5589
5590
5590
5591
5591
5593
5598
5600
5600
5601
5604
5604
5605
5606
5607
5608
5608
5608
5610
5613
5613
5615
5616
5618
5618
5618
5619
5620
5620
5621
5622
5623
5624
5624
5624
5625
5627
5629
5630
5632
5632
5632
5633
5633
5636
5640
5640
5641
5641
5641
5641
5642
5642
5644
5644
5645
5645
5645
5645
5645
5645
5646
5647
5647
5649
5650
5651
5659
5659
5661
5661
5661
5663
5665
5665
5667
5667
5668
5669
5669
5669
5671
5676
5676
5676
5676
5677
5677
5677
5680
5682
5682
5685
5685
5687
5688
5689
5689
5690
5691
5694
5699
5699
5699
5702
5703
5703
5704
5704
5705
5705
5707
5707
5707
5707
5707
5708
5709
5710
5711
5711
5712
5714
5714
5714
5714
5720
5722
5722
5727
5727
5728
5729
5730
5730
5731
5731
5732
5732
5732
5734
5736
5738
5741
5746
5747
5748
5750
5750
5753
5753
5753
5754
5754
5755
5756
5756
5758
5763
5763
5764
5766
5768
5769
5770
5770
5771
5772
5775
5775
5775
5777
5777
5782
5783
5784
5784
5788
5788
5789
5791
5792
5793
5793
5794
5794
5794
5796
5796
5798
5799
5799
5803
5807
5810
5810
5812
5814
5814
5815
5816
5816
5818
5818
5818
5818
5820
5821
5821
5822
5826
5826
5828
5829
5832
5832
5832
5832
5833
5833
5836
5837
5837
5837
5839
5841
5841
5842
5843
5843
5844
5845
5845
5854
5854
5855
5855
5855
5860
5860
5864
5864
5864
5864
5867
5869
5869
5869
5869
5871
5871
5872
5872
5872
5875
5876
5876
5876
5876
5876
5877
5878
5879
5879
5880
5881
5882
5882
5882
5882
5882
5884
5886
5886
5888
5888
5888
5888
5888
5889
5891
5892
5894
5894
5895
5895
5895
5896
5897
5897
5897
5897
5898
5899
5899
5900
5900
5902
5902
5902
5903
5903
5903
5904
5907
5907
5908
5909
5909
5909
5913
5915
5915
5916
5917
5917
5919
5920
5920
5921
5924
5924
5925
5925
5928
5928
5930
5933
5934
5938
5940
5940
5940
5941
5942
5942
5942
5943
5944
5944
5944
5945
5946
5946
5947
5948
5950
5950
5950
5952
5954
5956
5957
5961
5962
5962
5963
5963
5965
5966
5966
5967
5967
5967
5967
5968
5968
5969
5970
5971
5971
5974
5974
5976
5977
5982
5982
5983
5983
5983
5985
5985
5988
5988
5988
5989
5989
5990
5992
5993
5994
5994
5997
5997
5998
5999
5999
6000
6000
6000
6000
6001
6006
6007
6009
6009
6013
6014
6016
6018
6020
6020
6022
6024
6025
6025
6027
6030
6031
6031
6031
6032
6032
6036
6036
6037
6039
6039
6040
6041
6043
6043
6046
6047
6047
6049
6049
6054
6055
6055
6056
6056
6058
6060
6060
6060
6060
6061
6063
6063
6063
6063
6064
6065
6066
6067
6067
6069
6069
6070
6070
6073
6073
6075
6076
6077
6077
6080
6081
6081
6085
6085
6087
6087
6087
6087
6087
6089
6090
6094
6094
6095
6095
6098
6098
6100
6100
6100
6101
6103
6106
6106
6107
6109
6109
6113
6113
6114
6114
6114
6116
6119
6120
6121
6123
6123
6124
6124
6128
6128
6129
6131
6131
6133
6135
6140
6140
6142
6142
6143
6144
6145
6146
6148
6150
6154
6155
6156
6156
6157
6157
6158
6159
6159
6160
6160
6163
6163
6165
6168
6168
6169
6169
6169
6170
6172
6174
6174
6174
6175
6176
6176
6176
6176
6177
6177
6178
6178
6181
6182
6182
6185
6185
6186
6187
6188
6188
6190
6192
6193
6194
6194
6195
6196
6198
6199
6199
6200
6203
6203
6204
6206
6208
6208
6208
6210
6211
6211
6212
6212
6213
6214
6215
6215
6216
6217
6217
6218
6219
6220
6220
6220
6220
6221
6223
6224
6224
6226
6228
6228
6228
6231
6234
6236
6236
6236
6236
6237
6238
6239
6240
6241
6241
6244
6244
6244
6245
6246
6246
6248
6248
6248
6249
6249
6251
6252
6252
6252
6255
6255
6255
6257
6257
6258
6258
6260
6260
6263
6263
6263
6263
6264
6265
6265
6265
6267
6269
6270
6271
6272
6272
6272
6272
6273
6273
6274
6274
6276
6276
6276
6277
6278
6278
6279
6279
6280
6280
6280
6282
6283
6284
6284
6285
6286
6290
6290
6290
6291
6292
6292
6292
6294
6294
6295
6295
6296
6298
6299
6301
6304
6304
6304
6306
6309
6309
6310
6313
6314
6315
6315
6318
6318
6319
6322
6322
6322
6322
6329
6329
6331
6331
6338
6339
6340
6340
6340
6341
6343
6345
6345
6349
6349
6350
6350
6351
6356
6356
6356
6357
6357
6357
6357
6357
6361
6365
6365
6365
6367
6367
6367
6368
6369
6370
6370
6371
6374
6374
6377
6382
6383
6383
6384
6386
6386
6387
6388
6390
6392
6393
6393
6394
6394
6397
6398
6402
6404
6404
6406
6406
6408
6410
6410
6412
6414
6414
6414
6414
6417
6417
6418
6418
6421
6423
6423
6425
6425
6428
6430
6430
6432
6433
6433
6434
6438
6439
6439
6440
6440
6440
6440
6441
6444
6446
6447
6447
6449
6452
6452
6452
6453
6453
6454
6458
6459
6460
6462
6463
6463
6464
6464
6465
6467
6469
6469
6469
6472
6473
6473
6473
6473
6473
6473
6475
6475
6476
6477
6477
6479
6479
6479
6479
6480
6482
6482
6483
6485
6487
6487
6488
6488
6490
6490
6491
6493
6494
6494
6494
6496
6496
6501
6502
6503
6503
6503
6506
6506
6508
6510
6510
6512
6515
6515
6516
6518
6518
6525
6526
6527
6530
6530
6531
6531
6532
6532
6534
6534
6535
6536
6536
6538
6538
6538
6538
6539
6540
6541
6542
6544
6545
6547
6547
6549
6552
6552
6552
6557
6560
6561
6563
6564
6568
6570
6570
6570
6570
6571
6572
6572
6573
6573
6574
6574
6575
6575
6575
6576
6576
6577
6580
6581
6581
6581
6582
6582
6583
6584
6585
6587
6589
6590
6590
6591
6593
6593
6597
6597
6598
6600
6600
6602
6604
6604
6606
6606
6607
6607
6610
6610
6610
6611
6611
6612
6612
6614
6614
6614
6616
6616
6616
6621
6622
6622
6622
6626
6626
6627
6627
6628
6628
6629
6633
6633
6639
6646
6646
6646
6647
6650
6650
6651
6652
6652
6653
6653
6654
6656
6659
6659
6659
6659
6661
6661
6662
6663
6663
6663
6663
6664
6666
6667
6669
6670
6670
6675
6678
6680
6681
6683
6683
6684
6684
6685
6685
6689
6689
6690
6690
6691
6691
6694
6694
6695
6695
6696
6697
6699
6700
6700
6703
6705
6706
6706
6706
6706
6707
6707
6707
6708
6708
6709
6710
6711
6711
6716
6720
6722
6724
6726
6727
6727
6728
6730
6731
6732
6732
6735
6735
6736
6738
6738
6738
6739
6740
6741
6742
6742
6743
6744
6746
6746
6746
6746
6747
6747
6751
6751
6752
6752
6753
6755
6756
6758
6759
6759
6760
6761
6762
6762
6762
6764
6765
6767
6767
6768
6769
6771
6771
6772
6772
6773
6778
6778
6781
6783
6783
6784
6786
6786
6786
6788
6788
6788
6789
6790
6791
6792
6793
6794
6795
6798
6799
6804
6804
6805
6806
6807
6807
6807
6809
6811
6811
6812
6812
6814
6815
6817
6817
6818
6818
6819
6819
6819
6820
6820
6820
6821
6821
6822
6823
6824
6824
6826
6827
6827
6827
6828
6828
6828
6831
6831
6834
6834
6836
6837
6838
6841
6841
6844
6844
6844
6845
6845
6848
6849
6850
6854
6855
6855
6856
6857
6857
6858
6858
6860
6860
6861
6867
6869
6872
6875
6877
6880
6884
6887
6887
6888
6888
6888
6891
6891
6891
6891
6896
6897
6902
6902
6903
6904
6905
6905
6905
6906
6908
6911
6911
6913
6914
6914
6916
6918
6920
6921
6922
6922
6922
6923
6923
6924
6924
6924
6930
6930
6930
6932
6932
6932
6933
6933
6934
6934
6936
6937
6940
6941
6941
6943
6945
6946
6946
6948
6948
6948
6949
6949
6950
6950
6954
6955
6955
6957
6957
6957
6957
6958
6959
6959
6960
6960
6960
6961
6963
6964
6966
6966
6968
6968
6971
6972
6972
6973
6974
6974
6974
6974
6975
6975
6976
6981
6981
6981
6982
6983
6984
6985
6986
6987
6987
6989
6990
6990
6992
6992
6993
6993
6994
6995
6996
6996
6997
6997
6998
6998
6999
6999
6999
7000
7003
7004
7006
7006
7007
7009
7012
7012
7014
7014
7015
7015
7016
7016
7016
7019
7020
7020
7021
7021
7021
7023
7027
7027
7027
7030
7033
7033
7034
7036
7036
7036
7038
7038
7039
7039
7040
7040
7041
7043
7044
7044
7045
7046
7048
7049
7051
7053
7056
7057
7058
7062
7063
7065
7066
7069
7069
7069
7070
7070
7071
7071
7073
7074
7074
7075
7079
7081
7081
7082
7082
7086
7087
7089
7089
7090
7092
7094
7095
7095
7096
7096
7098
7098
7098
7099
7099
7100
7100
7101
7101
7102
7102
7104
7104
7104
7104
7106
7107
7107
7108
7110
7114
7115
7116
7116
7116
7117
7117
7118
7119
7121
7122
7123
7123
7123
7124
7124
7124
7124
7125
7125
7125
7125
7126
7127
7132
7132
7132
7132
7134
7135
7135
7136
7141
7142
7145
7145
7149
7150
7150
7152
7156
7160
7161
7165
7166
7166
7166
7166
7167
7168
7168
7168
7169
7169
7169
7169
7171
7171
7173
7174
7174
7176
7176
7178
7181
7183
7184
7184
7185
7185
7185
7186
7187
7188
7189
7190
7190
7190
7191
7192
7193
7193
7194
7194
7196
7197
7198
7198
7198
7201
7202
7203
7203
7204
7205
7206
7206
7206
7207
7207
7209
7212
7212
7212
7214
7215
7219
7221
7223
7223
7223
7223
7225
7232
7232
7234
7236
7236
7237
7238
7238
7240
7240
7240
7240
7242
7242
7244
7244
7244
7245
7245
7246
7247
7247
7248
7248
7248
7248
7250
7251
7251
7252
7252
7253
7254
7254
7255
7258
7261
7263
7265
7265
7267
7268
7270
7270
7270
7270
7271
7272
7276
7277
7279
7279
7281
7285
7285
7287
7288
7288
7289
7290
7292
7292
7294
7297
7299
7300
7300
7303
7303
7304
7307
7308
7309
7309
7310
7311
7313
7313
7314
7314
7315
7315
7316
7317
7319
7320
7324
7324
7327
7327
7329
7332
7332
7334
7334
7334
7334
7336
7337
7337
7338
7339
7340
7340
7340
7340
7340
7342
7343
7345
7346
7346
7346
7346
7347
7349
7350
7350
7350
7351
7351
7351
7355
7356
7357
7357
7359
7359
7363
7365
7365
7366
7366
7367
7368
7370
7370
7370
7371
7372
7375
7375
7376
7378
7379
7379
7379
7381
7382
7383
7385
7385
7386
7387
7388
7388
7391
7391
7392
7392
7393
7393
7393
7394
7394
7395
7395
7395
7395
7396
7396
7398
7400
7401
7402
7404
7408
7416
7419
7422
7426
7427
7428
7428
7430
7431
7431
7432
7432
7433
7433
7434
7434
7434
7434
7435
7436
7436
7437
7439
7442
7442
7442
7443
7446
7446
7448
7449
7449
7450
7450
7451
7451
7451
7451
7453
7453
7453
7453
7458
7462
7463
7463
7463
7464
7464
7466
7466
7466
7466
7471
7471
7472
7475
7479
7479
7480
7480
7480
7481
7481
7481
7482
7483
7483
7484
7485
7486
7488
7489
7489
7490
7490
7491
7493
7493
7494
7495
7495
7496
7496
7498
7499
7500
7501
7501
7502
7502
7504
7505
7505
7505
7505
7505
7506
7507
7508
7508
7509
7515
7515
7517
7518
7522
7522
7523
7525
7529
7530
7530
7531
7532
7532
7532
7535
7535
7537
7537
7537
7537
7541
7542
7542
7544
7544
7544
7544
7545
7545
7546
7546
7547
7549
7549
7549
7550
7552
7553
7555
7556
7558
7559
7563
7563
7563
7563
7563
7566
7566
7566
7568
7569
7570
7571
7573
7574
7574
7575
7577
7578
7578
7579
7580
7581
7581
7581
7581
7581
7584
7585
7585
7587
7590
7590
7591
7592
7592
7593
7593
7594
7594
7596
7597
7597
7598
7599
7600
7602
7602
7605
7605
7607
7608
7609
7610
7610
7613
7613
7613
7613
7614
7615
7619
7619
7619
7619
7622
7624
7625
7626
7626
7627
7627
7627
7629
7629
7629
7631
7632
7639
7640
7640
7641
7642
7642
7644
7645
7645
7646
7646
7646
7649
7651
7651
7653
7654
7654
7654
7656
7656
7657
7658
7658
7660
7661
7662
7663
7664
7664
7666
7668
7669
7672
7673
7674
7674
7675
7676
7679
7679
7683
7684
7687
7687
7688
7689
7691
7692
7696
7698
7698
7699
7699
7701
7701
7701
7702
7702
7702
7702
7702
7705
7705
7706
7706
7707
7707
7708
7709
7709
7711
7711
7712
7713
7714
7714
7715
7718
7720
7720
7720
7720
7722
7722
7723
7723
7725
7725
7727
7727
7728
7728
7734
7735
7737
7738
7738
7740
7742
7748
7749
7749
7750
7751
7753
7755
7755
7756
7757
7757
7757
7761
7761
7763
7764
7764
7764
7766
7769
7769
7770
7770
7770
7771
7772
7772
7772
7772
7775
7775
7775
7777
7778
7782
7783
7783
7784
7784
7787
7790
7792
7792
7793
7795
7796
7801
7801
7803
7806
7808
7810
7812
7814
7815
7815
7817
7817
7817
7818
7818
7818
7818
7819
7822
7822
7823
7824
7825
7827
7831
7831
7833
7833
7837
7840
7840
7840
7840
7841
7841
7841
7841
7841
7843
7844
7844
7844
7844
7844
7844
7846
7847
7848
7848
7849
7851
7853
7853
7854
7855
7856
7856
7856
7856
7857
7858
7858
7859
7861
7862
7862
7863
7863
7864
7865
7866
7866
7868
7868
7868
7868
7870
7873
7874
7874
7875
7875
7875
7875
7875
7877
7877
7877
7877
7879
7881
7883
7885
7886
7886
7887
7888
7888
7889
7891
7893
7895
7895
7896
7897
7901
7904
7905
7907
7907
7907
7908
7908
7908
7909
7909
7911
7913
7913
7915
7915
7916
7918
7918
7919
7919
7920
7920
7922
7923
7923
7923
7924
7924
7925
7926
7928
7928
7928
7929
7929
7931
7932
7933
7934
7935
7935
7936
7936
7940
7941
7943
7945
7947
7947
7948
7950
7950
7951
7951
7951
7951
7953
7953
7954
7954
7954
7955
7956
7957
7958
7958
7958
7960
7960
7962
7964
7964
7966
7966
7968
7968
7968
7970
7971
7971
7971
7974
7975
7979
7984
7985
7986
7987
7988
7988
7993
7993
7993
7994
7994
7995
7995
7996
7997
7997
8000
8001
8003
8004
8004
8005
8005
8005
8005
8006
8007
8007
8013
8014
8014
8014
8015
8015
8016
8016
8016
8017
8017
8017
8019
8019
8020
8022
8022
8022
8022
8024
8024
8033
8038
8041
8041
8041
8042
8042
8042
8042
8043
8043
8045
8045
8048
8049
8049
8050
8053
8055
8055
8058
8058
8058
8058
8058
8059
8062
8062
8062
8063
8064
8064
8065
8065
8066
8066
8066
8067
8068
8068
8069
8071
8073
8074
8078
8079
8083
8084
8085
8087
8089
8089
8089
8091
8094
8095
8097
8097
8098
8100
8101
8101
8101
8102
8102
8102
8103
8104
8104
8105
8106
8107
8107
8108
8109
8109
8111
8113
8115
8117
8117
8120
8120
8123
8123
8125
8126
8126
8126
8126
8126
8127
8127
8128
8133
8134
8134
8134
8136
8136
8137
8137
8137
8138
8138
8142
8142
8143
8143
8143
8144
8145
8145
8146
8146
8146
8146
8147
8149
8149
8150
8151
8151
8152
8157
8157
8158
8160
8160
8161
8161
8162
8162
8165
8166
8167
8168
8168
8169
8170
8172
8176
8178
8178
8180
8181
8182
8182
8184
8187
8187
8187
8187
8189
8191
8191
8192
8194
8194
8195
8196
8197
8198
8198
8201
8205
8205
8206
8208
8208
8209
8211
8211
8213
8214
8217
8217
8217
8217
8218
8220
8223
8223
8224
8225
8225
8225
8225
8227
8227
8229
8229
8229
8230
8230
8230
8231
8232
8232
8232
8233
8234
8234
8235
8235
8237
8238
8238
8238
8238
8239
8241
8241
8241
8242
8242
8242
8244
8244
8245
8246
8248
8249
8251
8252
8252
8252
8253
8253
8257
8258
8258
8259
8259
8259
8259
8260
8260
8261
8265
8266
8267
8267
8269
8269
8270
8270
8271
8272
8274
8275
8276
8276
8276
8277
8277
8279
8279
8279
8280
8281
8284
8285
8285
8289
8290
8290
8290
8291
8293
8294
8295
8295
8297
8298
8298
8298
8299
8299
8300
8302
8302
8303
8303
8303
8304
8305
8305
8306
8306
8306
8306
8312
8312
8313
8313
8313
8314
8315
8317
8321
8321
8323
8323
8324
8324
8324
8324
8324
8324
8325
8327
8327
8329
8332
8334
8336
8336
8338
8339
8339
8339
8341
8342
8342
8344
8346
8347
8347
8347
8347
8349
8349
8353
8353
8354
8356
8356
8356
8360
8361
8361
8362
8362
8363
8363
8365
8366
8368
8369
8369
8373
8373
8375
8377
8379
8380
8380
8381
8384
8384
8384
8385
8386
8386
8387
8388
8388
8388
8390
8390
8390
8390
8393
8393
8393
8394
8395
8396
8396
8397
8397
8398
8398
8398
8399
8400
8400
8400
8401
8401
8401
8403
8403
8404
8404
8408
8408
8408
8410
8411
8411
8411
8412
8413
8416
8416
8418
8419
8420
8420
8422
8423
8423
8423
8425
8425
8425
8427
8427
8428
8430
8431
8431
8433
8433
8433
8433
8434
8434
8434
8437
8439
8439
8440
8442
8442
8443
8445
8446
8446
8446
8446
8447
8448
8453
8453
8454
8454
8454
8456
8456
8461
8461
8463
8464
8464
8464
8465
8465
8465
8465
8466
8466
8466
8466
8468
8475
8477
8477
8478
8479
8479
8479
8480
8480
8480
8482
8483
8486
8486
8486
8486
8487
8488
8488
8489
8489
8489
8493
8494
8495
8495
8497
8499
8500
8502
8502
8503
8505
8505
8505
8506
8508
8508
8510
8511
8511
8512
8513
8515
8515
8516
8518
8521
8521
8521
8521
8522
8522
8523
8524
8525
8525
8525
8525
8525
8526
8528
8529
8530
8531
8531
8531
8531
8532
8533
8538
8538
8538
8541
8541
8542
8543
8544
8549
8549
8553
8553
8553
8554
8554
8557
8558
8558
8559
8559
8559
8562
8563
8563
8563
8563
8566
8566
8567
8567
8568
8571
8573
8575
8577
8578
8579
8579
8581
8581
8582
8587
8588
8590
8590
8591
8593
8593
8594
8594
8594
8595
8595
8595
8596
8597
8597
8600
8600
8601
8601
8606
8606
8606
8607
8608
8608
8609
8609
8609
8610
8613
8614
8614
8615
8616
8616
8617
8619
8623
8624
8626
8626
8627
8628
8628
8629
8630
8631
8631
8631
8632
8632
8634
8635
8636
8636
8637
8637
8637
8638
8638
8638
8640
8640
8643
8644
8644
8645
8648
8648
8649
8649
8649
8653
8654
8657
8660
8660
8660
8662
8662
8663
8665
8668
8669
8669
8669
8669
8679
8682
8683
8684
8684
8686
8689
8690
8693
8693
8693
8695
8695
8696
8696
8696
8697
8700
8701
8702
8708
8711
8711
8712
8712
8714
8714
8719
8719
8720
8721
8721
8722
8724
8724
8725
8725
8726
8726
8727
8729
8729
8729
8730
8731
8731
8731
8736
8737
8738
8739
8739
8740
8741
8742
8742
8742
8743
8743
8743
8743
8744
8745
8746
8748
8750
8751
8751
8753
8753
8755
8755
8757
8758
8758
8760
8760
8760
8760
8763
8763
8763
8764
8764
8765
8766
8766
8767
8768
8769
8770
8771
8771
8771
8771
8771
8771
8772
8772
8772
8772
8775
8779
8779
8779
8780
8781
8781
8781
8782
8784
8787
8787
8789
8790
8791
8791
8793
8793
8793
8794
8794
8795
8796
8796
8797
8799
8801
8802
8802
8803
8805
8807
8807
8808
8809
8809
8809
8809
8809
8812
8812
8812
8813
8813
8813
8813
8813
8814
8816
8816
8816
8817
8819
8819
8820
8820
8820
8820
8821
8822
8822
8825
8825
8828
8832
8833
8834
8837
8837
8837
8838
8839
8846
8846
8847
8847
8849
8851
8857
8863
8863
8863
8865
8866
8866
8867
8867
8867
8867
8869
8871
8875
8876
8876
8876
8877
8878
8878
8880
8881
8881
8882
8882
8883
8886
8886
8887
8888
8888
8888
8888
8889
8890
8891
8892
8894
8896
8897
8899
8899
8899
8901
8904
8905
8905
8907
8908
8911
8911
8916
8916
8916
8916
8917
8917
8917
8918
8919
8920
8920
8922
8922
8924
8924
8924
8925
8925
8926
8928
8929
8929
8929
8932
8932
8934
8935
8935
8938
8939
8941
8942
8943
8943
8944
8944
8947
8948
8950
8951
8951
8952
8958
8959
8960
8962
8965
8966
8966
8967
8967
8967
8968
8970
8972
8974
8974
8974
8976
8979
8981
8981
8982
8985
8986
8986
8986
8991
8992
8992
8992
8992
8992
8996
8997
8998
8998
8999
9000
9001
9001
9002
9005
9006
9006
9007
9009
9010
9010
9011
9013
9014
9014
9014
9015
9015
9016
9017
9018
9018
9018
9019
9019
9021
9021
9023
9023
9025
9026
9029
9030
9031
9031
9032
9032
9033
9033
9034
9034
9038
9038
9038
9039
9040
9040
9041
9041
9043
9043
9044
9045
9046
9046
9048
9048
9049
9049
9050
9051
9052
9052
9053
9053
9053
9054
9054
9056
9057
9057
9057
9060
9061
9061
9062
9062
9064
9064
9064
9066
9068
9070
9070
9070
9071
9071
9073
9074
9075
9076
9076
9078
9078
9079
9080
9080
9083
9084
9084
9086
9086
9089
9089
9089
9090
9091
9092
9092
9094
9095
9095
9096
9096
9100
9102
9102
9103
9106
9106
9106
9107
9107
9108
9108
9109
9109
9110
9111
9112
9113
9113
9113
9113
9113
9115
9115
9116
9117
9117
9117
9118
9119
9120
9122
9124
9125
9128
9128
9129
9131
9132
9132
9132
9133
9134
9136
9137
9140
9140
9141
9144
9145
9145
9146
9147
9147
9151
9151
9152
9153
9155
9155
9157
9157
9157
9164
9166
9167
9168
9168
9168
9169
9171
9171
9173
9173
9175
9176
9176
9177
9178
9178
9179
9179
9181
9182
9182
9184
9184
9184
9185
9185
9186
9188
9189
9190
9195
9197
9197
9197
9198
9202
9202
9202
9203
9203
9204
9204
9204
9206
9206
9206
9209
9209
9210
9211
9211
9213
9214
9214
9216
9219
9220
9221
9222
9222
9223
9223
9224
9225
9227
9228
9229
9229
9230
9233
9237
9238
9238
9238
9239
9239
9239
9239
9240
9242
9242
9242
9243
9244
9245
9245
9245
9246
9247
9247
9248
9248
9251
9252
9252
9253
9254
9255
9258
9259
9259
9259
9259
9260
9261
9262
9263
9263
9263
9264
9264
9265
9265
9266
9266
9268
9269
9271
9272
9272
9274
9274
9277
9279
9279
9279
9280
9280
9282
9282
9284
9285
9286
9288
9288
9289
9290
9290
9291
9292
9292
9293
9294
9294
9294
9297
9297
9298
9299
9299
9301
9302
9303
9305
9305
9306
9306
9306
9308
9309
9311
9312
9312
9312
9313
9314
9314
9315
9315
9317
9317
9317
9318
9318
9318
9320
9320
9320
9321
9323
9323
9324
9325
9325
9327
9328
9329
9329
9330
9330
9330
9330
9330
9331
9331
9333
9333
9335
9335
9335
9335
9336
9338
9340
9344
9347
9349
9350
9351
9351
9355
9355
9356
9357
9358
9362
9363
9363
9364
9365
9365
9366
9366
9366
9367
9367
9369
9369
9369
9370
9370
9371
9372
9376
9377
9379
9379
9380
9380
9380
9381
9382
9382
9382
9383
9383
9383
9386
9387
9387
9388
9389
9392
9393
9393
9394
9394
9395
9395
9397
9400
9401
9401
9401
9402
9402
9403
9403
9403
9403
9404
9404
9405
9406
9407
9409
9409
9409
9409
9410
9410
9410
9411
9411
9414
9415
9416
9416
9419
9420
9421
9421
9423
9423
9424
9425
9426
9428
9430
9430
9430
9433
9433
9434
9435
9435
9440
9440
9440
9441
9442
9442
9442
9442
9443
9445
9446
9446
9447
9447
9448
9449
9452
9453
9454
9454
9454
9454
9455
9456
9458
9460
9460
9461
9463
9463
9464
9464
9465
9466
9469
9470
9470
9472
9472
9477
9478
9479
9480
9481
9483
9485
9486
9487
9487
9487
9491
9498
9500
9500
9501
9501
9502
9502
9505
9505
9506
9507
9507
9508
9508
9509
9510
9511
9511
9512
9512
9516
9516
9518
9519
9519
9520
9521
9523
9523
9523
9526
9527
9530
9532
9532
9532
9532
9533
9535
9536
9538
9539
9541
9542
9544
9544
9545
9545
9547
9547
9550
9550
9553
9553
9553
9556
9558
9558
9560
9563
9563
9566
9567
9567
9568
9568
9568
9568
9568
9569
9569
9569
9569
9571
9571
9572
9572
9574
9577
9580
9581
9582
9584
9584
9586
9587
9587
9588
9592
9594
9594
9598
9599
9599
9602
9604
9604
9604
9605
9608
9608
9609
9610
9611
9611
9611
9612
9612
9613
9615
9616
9616
9618
9618
9620
9623
9623
9626
9627
9627
9630
9630
9631
9633
9633
9634
9634
9634
9634
9635
9636
9636
9638
9639
9640
9640
9641
9642
9642
9642
9642
9645
9646
9647
9649
9649
9651
9651
9651
9651
9653
9654
9655
9656
9657
9657
9658
9659
9660
9661
9664
9666
9666
9672
9673
9673
9673
9673
9675
9675
9676
9676
9677
9677
9679
9679
9679
9683
9684
9684
9684
9687
9689
9692
9692
9692
9693
9694
9695
9695
9696
9696
9697
9697
9698
9698
9699
9701
9701
9704
9704
9705
9708
9708
9709
9710
9712
9713
9714
9716
9719
9721
9722
9723
9723
9723
9724
9724
9724
9725
9725
9725
9726
9728
9729
9730
9731
9733
9734
9734
9734
9735
9736
9736
9739
9739
9739
9739
9740
9740
9744
9744
9745
9745
9745
9746
9747
9748
9748
9748
9751
9752
9753
9754
9755
9756
9756
9756
9758
9759
9760
9760
9761
9764
9765
9765
9767
9771
9776
9776
9776
9778
9780
9780
9781
9781
9781
9781
9786
9786
9786
9788
9788
9789
9790
9792
9794
9796
9796
9799
9799
9802
9803
9803
9805
9808
9810
9810
9810
9811
9813
9814
9815
9818
9818
9818
9819
9822
9823
9824
9826
9826
9826
9831
9831
9831
9832
9832
9834
9834
9835
9836
9837
9838
9839
9840
9841
9841
9844
9844
9844
9845
9846
9846
9847
9849
9849
9849
9850
9851
9854
9857
9858
9858
9859
9860
9862
9863
9863
9864
9866
9868
9871
9871
9871
9871
9872
9872
9873
9874
9874
9878
9879
9879
9879
9879
9880
9881
9885
9886
9888
9888
9894
9895
9897
9900
9900
9900
9901
9903
9904
9904
9906
9908
9909
9909
9912
9913
9914
9916
9917
9917
9918
9918
9919
9919
9924
9926
9926
9926
9927
9928
9928
9929
9929
9930
9933
9934
9934
9936
9940
9942
9943
9945
9946
9946
9947
9947
9947
9947
9948
9949
9949
9950
9952
9953
9954
9954
9954
9955
9955
9955
9955
9956
9956
9957
9957
9958
9959
9959
9961
9961
9962
9964
9965
9967
9967
9969
9969
9969
9970
9974
9976
9976
9976
9978
9980
9980
9981
9983
9985
9985
9985
9985
9986
9986
9986
9988
9989
9989
9989
9989
9990
9991
9993
9994
9996
9997
9999
10000
