8
10
22
31
61
61
61
63
76
76
88
90
98
125
126
137
174
180
208
208
208
213
213
227
235
247
248
253
262
264
283
305
310
319
319
324
355
373
373
399
406
410
415
452
453
460
464
475
475
478
480
491
492
494
511
538
541
542
542
543
548
552
563
570
577
577
605
607
625
638
638
638
655
695
704
706
711
711
768
776
776
779
782
799
800
804
804
815
832
834
884
897
898
902
903
907
916
921
971
980
1000
1017
1018
1019
1019
1036
1046
1062
1064
1075
1087
1102
1124
1150
1150
1151
1159
1161
1161
1169
1196
1220
1233
1234
1237
1244
1260
1267
1270
1271
1279
1307
1318
1329
1330
1335
1344
1353
1366
1370
1389
1412
1416
1418
1439
1446
1465
1467
1472
1490
1490
1497
1501
1540
1552
1578
1624
1625
1649
1650
1656
1658
1662
1663
1665
1698
1707
1723
1733
1734
1735
1762
1772
1780
1785
1802
1856
1867
1868
1878
1882
1888
1894
1902
1902
1912
1922
1926
1932
1936
1941
1964
1968
1969
2000
2047
2075
2077
2077
2092
2104
2116
2123
2131
2142
2144
2157
2165
2165
2179
2216
2217
2226
2226
2228
2259
2261
2271
2280
2280
2296
2318
2322
2324
2335
2335
2345
2364
2366
2366
2372
2378
2410
2445
2449
2449
2467
2472
2478
2485
2493
2500
2509
2512
2517
2533
2561
2583
2585
2596
2596
2597
2597
2599
2613
2617
2626
2639
2645
2655
2676
2692
2716
2717
2725
2744
2749
2752
2804
2809
2818
2823
2832
2836
2836
2839
2839
2851
2870
2900
2914
2918
2922
2923
2945
2947
2948
2948
2951
2951
2952
2960
2973
2981
2995
3011
3046
3073
3076
3078
3093
3095
3102
3113
3144
3176
3178
3185
3187
3207
3212
3222
3244
3253
3279
3279
3282
3283
3293
3295
3304
3364
3366
3372
3384
3387
3399
3401
3403
3414
3415
3415
3415
3432
3432
3474
3481
3487
3502
3507
3523
3562
3584
3584
3611
3626
3636
3636
3644
3648
3652
3657
3665
3665
3668
3668
3668
3668
3680
3682
3686
3691
3695
3697
3719
3720
3720
3732
3743
3743
3745
3781
3799
3799
3806
3806
3823
3825
3835
3835
3858
3859
3861
3867
3868
3875
3875
3885
3890
3896
3905
3907
3921
3924
3954
3963
3982
3983
3995
4002
4031
4050
4054
4077
4113
4119
4124
4124
4143
4143
4146
4158
4167
4167
4169
4171
4171
4173
4190
4194
4197
4213
4214
4218
4238
4238
4238
4244
4245
4249
4267
4267
4274
4274
4274
4274
4282
4296
4296
4305
4313
4318
4335
4337
4355
4355
4364
4367
4383
4403
4412
4414
4420
4428
4444
4467
4476
4476
4490
4496
4500
4504
4513
4528
4540
4544
4577
4579
4580
4617
4639
4642
4643
4650
4666
4680
4683
4687
4692
4699
4705
4708
4714
4715
4737
4750
4760
4763
4786
4790
4790
4808
4819
4827
4840
4843
4849
4849
4854
4885
4893
4893
4895
4906
4914
4916
4959
4960
5001
5014
5017
5017
5019
5034
5036
5046
5056
5061
5074
5077
5077
5092
5101
5133
5139
5141
5142
5145
5148
5150
5152
5158
5165
5170
5171
5174
5188
5192
5205
5205
5221
5234
5253
5286
5291
5305
5377
5382
5383
5410
5436
5453
5464
5471
5480
5488
5489
5491
5498
5520
5538
5540
5551
5562
5574
5582
5582
5588
5588
5590
5594
5600
5609
5681
5696
5703
5705
5714
5714
5720
5720
5723
5728
5752
5763
5767
5768
5778
5790
5803
5803
5808
5816
5835
5886
5889
5903
5903
5903
5908
5925
5934
5951
5974
5995
5998
6002
6025
6025
6038
6040
6072
6075
6084
6115
6119
6121
6133
6147
6167
6173
6173
6187
6196
6198
6224
6258
6261
6264
6268
6268
6289
6290
6290
6290
6313
6316
6326
6332
6344
6344
6355
6356
6376
6383
6388
6396
6404
6408
6419
6419
6419
6433
6436
6442
6453
6458
6470
6487
6498
6501
6507
6508
6513
6517
6567
6572
6598
6598
6608
6628
6630
6643
6645
6655
6662
6667
6667
6689
6689
6725
6752
6772
6775
6775
6794
6799
6815
6836
6843
6861
6861
6876
6893
6905
6928
6928
6934
6941
6941
6948
6952
6953
6964
6965
6965
6977
6993
7043
7059
7059
7059
7061
7090
7090
7096
7112
7116
7125
7127
7133
7136
7164
7173
7173
7173
7224
7228
7229
7240
7240
7240
7247
7250
7257
7258
7263
7265
7268
7285
7285
7298
7299
7304
7315
7317
7342
7366
7371
7379
7382
7384
7400
7402
7414
7420
7450
7457
7473
7480
7491
7491
7496
7522
7524
7536
7545
7579
7582
7586
7597
7606
7621
7621
7636
7651
7665
7698
7722
7729
7729
7729
7734
7737
7766
7766
7766
7768
7775
7804
7809
7813
7815
7818
7825
7829
7845
7850
7850
7854
7871
7939
7942
7972
7972
7973
7978
8002
8005
8011
8036
8045
8092
8092
8098
8114
8123
8125
8144
8151
8154
8154
8173
8182
8182
8187
8187
8195
8203
8235
8240
8240
8262
8264
8296
8317
8331
8339
8369
8376
8381
8385
8398
8416
8422
8423
8424
8427
8446
8447
8451
8461
8473
8474
8476
8504
8533
8533
8543
8557
8557
8560
8563
8565
8569
8577
8603
8623
8631
8649
8660
8666
8669
8692
8692
8715
8731
8741
8743
8744
8761
8763
8765
8774
8781
8782
8790
8801
8809
8812
8812
8818
8820
8827
8827
8829
8852
8853
8853
8859
8893
8907
8908
8913
8916
8923
8934
8935
8947
8948
8951
8991
8991
8994
9002
9009
9012
9027
9040
9040
9068
9092
9094
9097
9104
9135
9135
9136
9136
9188
9201
9210
9257
9316
9316
9356
9370
9379
9401
9408
9416
9417
9420
9448
9459
9475
9483
9485
9489
9505
9537
9544
9548
9569
9608
9609
9625
9628
9651
9661
9664
9668
9671
9700
9715
9735
9736
9740
9759
9777
9778
9787
9789
9808
9838
9839
9847
9849
9849
9865
9865
9874
9888
9894
9915
9916
9918
9921
9924
9925
9934
9938
9950
9962
9977
9979
9980
9988
9988
9995
